-3.489868652058448761e-01
2.968653617736582428e-01
-4.965974502041318184e-01
2.411295352573170070e-01
-4.915204970205379054e-01
-1.865021790194947293e-01
-4.019083451850363198e-01
1.217200922315441747e-01
4.359845268308899791e-02
1.061941469430907337e-01
2.633063675306731022e-01
-6.306919057463939993e-01
2.014285791819534766e-01
2.125336843095878073e-03
3.887079532981846386e-01
-7.523423244359291051e-02
3.661215095333827940e-01
7.821849163135530247e-01
-6.083156125910988560e-02
-4.211589233602923144e-01
-3.160523901047942313e-02
1.518982701757564391e-01
3.568160670769461862e-01
-1.495985628799128553e-01
6.533171067016931843e-01
-4.614966786484565597e-01
-5.743545017949438503e-01
2.618844749442571507e-01
2.487622904324850448e-01
8.410448094179408252e-02
-6.583412752429358417e-01
-4.256298588281055006e-01
3.517975921372479275e-01
3.771557297050804336e-01
4.389659378886112129e-01
-4.998618747682824770e-01
-1.019080303488153205e-01
-4.928745290367269050e-01
2.778657770984929165e-01
4.992666791734058640e-02
-2.776457015739930978e-01
-1.220109596735641927e-01
-3.148645106802348131e-02
-1.350831061459384641e-01
-8.861901154478403486e-02
7.595088958770118692e-03
-8.739294663719726630e-02
-1.036241751425781288e-01
-6.576824823929280917e-02
-5.039770593865551263e-01
9.625691296005103870e-02
-1.483828434761675155e-02
4.593882006831225273e-01
2.166220743854586905e-01
-6.059002453695386779e-03
-5.073437360103217886e-01
1.533805823048595418e-01
-4.249317316088493945e-02
-3.397107958227893465e-01
-4.134842092352240817e-02
-1.493657493533310718e-02
-3.137921478423275068e-01
3.522076293718439666e-01
9.322425242284478053e-02
-5.017390889117712138e-01
-4.709750813479358644e-01
-2.831470227579842014e-01
-2.876065560500145474e-02
-1.166801987835413834e-01
-2.532466223106303316e-01
7.774003867733238204e-02
2.114726797005555409e-02
-3.621310164429685230e-01
4.071685397782433546e-01
4.384522952670117379e-01
4.067917696757892276e-01
-1.512470963694176329e-01
-2.458974693007023038e-01
-1.082762937990043722e-01
8.127407420480141642e-01
-7.813188924399758761e-01
-9.612127248307866800e-01
-2.104762854599958044e-01
4.442974011105535470e-01
-7.910230366647498512e-02
2.060875751930532074e-01
-9.965517957992348075e-02
1.569480432414548376e-01
-8.980392763262885769e-02
-2.799921886558961320e-02
-7.791564047808642313e-01
-2.741858676327941780e-01
-3.499240813069195433e-01
4.291762805469389042e-01
3.035679750275682709e-01
-1.471228676003027147e-01
3.197818356835162995e-02
4.391029834704056611e-01
-8.275925244346529763e-02
-3.109607152392022122e-01
-7.304448701069370387e-01
2.515410672941217896e-01
-5.424173965685193111e-02
-4.248314172703946956e-01
7.218585018698321643e-02
-1.468080385892319428e-01
2.199695373498372075e-01
-8.025971965702907718e-02
-3.026748820409864288e-02
1.465246054111132845e-01
-3.189189135200972552e-02
8.220038919095343233e-02
-3.110050597021759566e-01
-3.782699141655169739e-01
4.921675457547478594e-01
-4.703871455150830383e-01
-1.341575586239071027e-01
-2.062861335782931460e-01
3.727349208020520194e-02
3.050826739870879933e-01
-2.928281493574767524e-01
1.231407451772448119e-01
4.779384444198836457e-01
5.625723766176811136e-01
3.251402639674718653e-01
-1.889475493253536809e-01
1.608678349692642048e-02
2.576440918019725079e-01
1.895258931355970067e-01
2.526174773849418353e-01
-4.446305856091408160e-01
-3.838663036619008873e-01
6.473466254429285360e-01
5.214222854984026378e-01
-1.125742555511358156e-01
5.730116512075641433e-01
3.594640834262055606e-01
-3.561645517202861044e-01
1.122059228768985395e-01
-1.970830618100521403e-01
-2.750396526384262796e-01
1.802251393256591450e-01
-2.835482991557362054e-01
6.659941676158458446e-01
1.073992335616215377e-01
5.131745525932817076e-01
4.640822026778242404e-01
1.735159579725097656e-01
7.750031313036138680e-01
-8.324960342598346497e-01
-1.429059909290546493e-01
-9.523865014004172236e-02
7.681859370384074015e-02
1.600667022792263416e-01
6.773831854020154197e-02
-2.160943101530594102e-01
-1.492346446032820628e-01
1.092836603945421259e-03
2.017630718362394548e-01
6.674728358235335612e-01
-3.559480174265777785e-01
1.143754782814030285e-01
-1.135305741130443191e-01
-2.526448871822629672e-01
-2.051177450370317290e-01
-1.488427546864288520e-01
-6.148618349996903820e-01
3.686798455226628080e-01
1.144048459802244899e-01
5.696925249467574282e-02
3.444647215674898622e-01
2.526355870706912810e-01
3.476997059489423947e-01
1.434657708431171796e-01
4.268901348957040986e-01
-1.697184131733488199e-01
1.666537504368162670e-01
-4.931516550614220007e-01
3.920347241988079712e-01
-7.634397431181139115e-02
-2.519959668871446512e-01
6.765719020634905490e-02
9.011143668917011018e-01
-3.070143864414995871e-01
-1.576637793046122837e-01
2.208317425163600078e-01
3.361634348376954518e-02
-3.519419881603857991e-01
2.333001326420401644e-01
-5.273772081090305486e-02
-1.077102345429173103e-01
-1.039666463043443095e-01
-7.551080806163106285e-01
5.575884971019597902e-01
-4.948681539862039291e-01
-1.373493453343557769e-01
-3.596633518489999459e-01
4.982544839687143290e-02
-6.305757955671310588e-01
3.527360155521540030e-01
1.212838765297861582e-01
6.664536350976610173e-03
8.643770935516787990e-01
1.578430769554049207e-01
8.262753067018111519e-01
-4.006006477753192296e-01
1.620243965713349110e-01
-5.501550951347294882e-01
-1.390804672479210302e-01
2.499226901714721519e-02
5.708533437777347785e-01
-1.532490532812199324e-01
-5.978070287099671587e-01
-2.317463148813517504e-01
-1.000000000000000000e+00
4.348678988115218386e-02
1.893762424875718997e-01
2.166537457088437146e-01
1.218316885897108293e-01
-5.133270751033662538e-02
4.842748508137103003e-01
-4.582880180969320372e-01
1.277944202471696933e-01
-7.906124354099930418e-02
-4.342043823935795022e-01
6.760438881086253682e-01
-2.414087355454203054e-01
-4.670078134639569778e-01
-4.511290072481971558e-02
-2.997803997406832122e-01
1.134671095098593319e-01
-2.562170725371711866e-01
1.707005811819930496e-01
2.393810858647321405e-01
-2.719551771205133139e-01
-2.064171830712645539e-01
2.839966690265024463e-01
4.013024826208240747e-01
3.763658869984119471e-01
-8.074781769022078004e-01
-8.206797366579893227e-02
1.439711632032041055e-01
1.954987403248668043e-01
-7.657074824488887543e-01
2.923881409223182959e-01
2.703081527494062830e-01
2.395499731081078276e-01
1.579601211282155027e-01
3.228717926763529089e-01
1.370430960291323941e-01
3.415064526092140285e-01
1.483417906339555281e-01
1.643283102793732242e-01
-7.254871752505669125e-02
7.881371149335429926e-01
2.908098812486360485e-01
-4.644991160613868852e-01
2.302684446396171813e-01
1.102809851434020105e-01
-3.308154346302872861e-01
5.169533891884644516e-01
1.215464030343565566e-01
4.744575190224511463e-01
-4.665738914238130586e-01
3.653141144654418748e-01
