2.488885998240377151e-01
-8.498648063204547465e-02
-2.069054930625126854e-01
1.000000000000000000e+00
-6.485800907164007700e-02
-9.479844326835150381e-02
1.574616347020423301e-01
6.409361092115140046e-02
9.878650345360642793e-02
-3.638836662360152574e-01
-1.408574480583749122e-01
1.889060347555510805e-02
-2.132433311535705256e-01
8.789517462713600238e-02
-1.305809303406072208e-01
5.151372838921367686e-02
1.507726053957239021e-01
3.132840249727035786e-01
1.765217457670401058e-03
2.466822278573048144e-01
-2.031223804835203400e-02
6.105588782283966065e-01
-1.475592509546039544e-01
4.241045715611694300e-01
-1.262647749398076169e-01
-6.711839978602510137e-02
1.128199736170702461e-01
3.127738939385384942e-01
-1.908094839355107264e-01
7.333243263400962553e-02
-1.536329921921855135e-01
-2.134622417312362630e-01
3.536039821770790570e-01
3.351266295042970578e-02
-3.561754418360589813e-01
5.124822280997323731e-03
1.177485517641690682e-01
1.000000000000000000e+00
-8.040490072387343479e-02
-1.386362796879301272e-02
5.328525239834567273e-01
-1.420204593118942482e-01
5.461485920706924402e-01
4.526508774514534372e-01
-1.121174817670676505e-01
-4.252305119116196463e-01
8.021217421066226816e-01
6.633262698995631146e-01
2.201081320748468351e-01
-4.574646717078256764e-02
4.501109576721604721e-01
-3.945971427403403009e-01
1.857819363506614807e-01
3.998787236226186703e-01
3.027193823393842798e-01
-9.300549428096306637e-03
9.662171361517644108e-01
8.703251209933219323e-01
2.799505429403355561e-01
8.824150028730323725e-02
2.264685344444761494e-01
3.015861998664641219e-01
1.825908797480968460e-01
1.455480924250875940e-01
7.055448655898535759e-03
-3.059001973225058957e-01
2.542053299705154257e-01
-2.230261952639075312e-02
2.181124977803171328e-02
1.060671630403136612e-01
4.412738004356024368e-01
-3.987657592839507492e-01
-1.744501525437752443e-01
-8.589509943769544353e-01
3.264674552964053067e-02
1.266178821795480580e-01
2.535002129706934865e-02
2.352574724711103960e-01
-5.974484402747979456e-02
2.610170064506236454e-01
-1.000000000000000000e+00
9.760405716151653310e-01
1.668600486279127326e-01
-1.282876725469517809e-01
6.066704332385889492e-02
-7.218164668723970889e-01
-2.575118926212344173e-01
5.356060762495636063e-02
-4.201918280083501156e-02
-2.084292298061384829e-01
-5.694731554201484247e-01
3.537261108175084878e-01
-2.968833061531015449e-01
-3.077903129241638114e-02
3.990050864872075886e-02
2.163706959037353106e-01
-3.157524982990985718e-01
-5.849226906111484880e-02
-9.808251986608941542e-02
-8.082069347226496225e-02
4.252687482724275964e-02
-5.138854563340360393e-01
-5.825094943181885476e-01
-3.397500451448947495e-02
-5.081694840269019853e-01
-3.685635421714931748e-01
1.991393454055127021e-01
3.293896185309920233e-01
2.335396062515419924e-02
-3.617756823141358713e-01
9.815622994793666845e-01
-1.510509611134452090e-01
-2.549087500154338937e-01
7.195816754156446338e-03
-2.283463489497633003e-01
3.222253254573906878e-01
-3.608222876419516223e-01
4.996962338354954403e-02
-5.062684714695736554e-01
-2.347409912637598850e-01
-8.116322647551814651e-01
-3.448813525256703982e-02
-4.411864580346955278e-01
2.932561756110030893e-01
2.291375972182045917e-01
-3.940893903422498235e-01
2.826856147879783787e-01
-2.791984316320775261e-02
-3.172559448491159284e-02
7.630430545843575052e-01
6.488680841963070378e-01
-3.260151515953116919e-01
-5.586376761416488035e-02
-6.518310548255542569e-01
1.557895897075745328e-01
-2.197903243452921374e-01
2.051585357714749008e-02
4.908529078475300511e-01
2.065614925950375880e-01
6.985803377231231126e-02
-4.078920306146326946e-01
-2.507194229670028363e-01
-9.874598984426912196e-01
-1.410095843998105392e-01
-4.640735447558002047e-01
-4.357770117830848944e-02
-9.662488159740121318e-01
-3.217255602954179894e-01
7.091308549415634155e-02
-7.677499887614702700e-01
4.136524946051290536e-02
7.889236049230708980e-01
-3.792182712295126823e-01
-5.248846162225124790e-01
1.023662307585689046e-01
3.449351344503446271e-01
1.729333905256499881e-01
-5.105800248396000773e-01
-2.275037134391294791e-01
-6.073340319588604701e-03
-2.911381551657001368e-02
6.831486195165527298e-02
-2.145934885181096097e-01
9.487250516323286753e-02
4.224897325565322714e-01
-2.065599214744023027e-01
-5.234442237413093890e-01
-7.198471242706171447e-01
4.329012509699646516e-02
4.059582127649056793e-01
1.073815335567862295e-01
9.048841699256919835e-01
-7.016704554891505241e-01
-4.252530083461064092e-01
3.609949363935279626e-02
9.195891947105014341e-02
-1.419752598256331794e-02
2.583893342742680233e-01
-1.521279215774674551e-02
-5.435542034013294277e-01
9.379193315137748788e-02
6.690567647503564697e-01
1.089393310966421252e-01
-6.065575661075326558e-02
-5.384619147993054966e-01
-2.556683025432182621e-01
-9.241348791618342329e-02
-1.561658909733623646e-01
1.699546905511984674e-01
-1.582364491875162815e-01
-3.428317486897599631e-01
-1.141185036147112086e-01
-7.215619030698063041e-02
7.612381224796377355e-02
3.447928250925242910e-01
-3.721392791804897238e-01
-4.111466159022040823e-01
9.051402276315062556e-02
5.988085584791585925e-01
2.201761057144396849e-01
5.261029680404907816e-02
-7.732472282598693569e-01
1.359338833987385475e-01
4.143436907226838439e-01
5.568157374393416514e-01
-2.180682163924817507e-01
-9.490477597726284520e-01
-3.131395390747360175e-01
-4.390481218891506554e-01
9.694872181043006076e-01
-4.109501303665124561e-01
-1.015124538888965422e-01
-3.231192649692556929e-01
3.687985071321664421e-01
-3.715677839985957465e-01
-3.310782636964487158e-01
-2.857464472377534148e-02
-1.587896005960826029e-01
4.189555860218357464e-01
8.101414203589162033e-02
3.840821067729190130e-02
4.292050175267222989e-01
2.658247956022181668e-01
-1.927920037887833060e-01
4.118978614874647670e-01
-5.356806060795721303e-04
-4.588104555564282427e-01
1.357090867837298931e-01
3.584066008101333134e-01
-4.266574171955843653e-01
-2.961651826927024778e-01
3.014355593663974320e-01
1.384139510518198890e-01
-1.998039689001741837e-02
-2.883982213645359671e-01
3.249751750863815181e-01
3.614667412023203075e-01
5.200076868427054577e-02
-4.079820927836851907e-01
-9.670277074099689063e-01
8.896317570896333793e-02
2.031641809986165642e-02
2.668629996708714591e-01
-2.270667461216198391e-02
-1.464111830398685532e-01
-4.440879117958974054e-01
-9.321688911420500379e-01
1.214883044470345258e-01
5.230806685091425601e-02
-4.502723300756831387e-02
-1.817525370964504228e-01
2.410924435616716988e-01
4.947474659764004024e-01
4.133835386882033225e-01
3.979782550510488903e-01
2.158897816127808011e-01
-2.902545560098899746e-01
2.350374896679853221e-01
-1.011275311766591384e-02
3.091811631511628966e-01
-5.056919804993765810e-01
-7.751059170637170093e-01
-1.900710670089352516e-01
3.711803279593112737e-01
-1.501942317455914333e-01
