4.842785052963075043e-01
-6.552035695134602600e-01
-9.525621145557390257e-01
-4.830484263586262705e-01
-2.435610564918028464e-01
-7.351117748356985615e-01
2.773218969037687942e-01
-2.982969469690117115e-01
-7.688468731685544899e-01
3.645105898639605657e-01
-5.680669751270541745e-01
-1.852521077387609960e-01
1.852368500323366418e-01
9.467724556775131139e-02
1.506733376239594718e-02
3.909349125961717464e-01
-4.258464678277511517e-01
-2.139917527052345447e-01
1.753623132058471368e-01
-4.406528325028439275e-01
7.192006537791353349e-01
-4.347820854930916079e-01
3.010333401418784915e-01
-4.771092083932582106e-01
-2.564482529320089021e-01
6.201137057848645773e-01
-1.029606773325305313e-01
4.603730147157839570e-01
-1.480394574367896454e-01
2.830760588974663428e-01
-5.304625614999947114e-04
-4.978647006986233192e-01
8.085641173894742018e-02
-1.654056947856337445e-01
-1.821982064139790469e-01
2.816676135152421101e-01
6.048567775078799169e-01
5.696336365642022947e-01
-2.026754542075099585e-01
2.411522753224491777e-02
4.233703232828510132e-01
7.818393479545134861e-01
-2.558246073350162186e-02
4.929022355462885363e-01
-2.948685413652618603e-01
-3.797120276975644165e-02
1.332390595711570314e-02
1.174371241734432081e-01
1.441090001701678391e-01
-7.520117165916859192e-02
-1.673530052037654897e-02
-3.863289019015576642e-01
2.462200962332176946e-01
2.954341555594997004e-01
2.492902561352491886e-01
-5.724908872970724261e-01
3.731701374709441854e-01
7.151653312952768182e-01
-1.684562695877408478e-01
4.982567468179104897e-01
-5.654646571170772462e-02
-8.717438225523493900e-02
-8.722667059245631238e-02
-1.406697060814828260e-01
-3.598041810320761758e-01
5.253908884365627863e-01
2.927828322626263580e-02
-2.746942751375340830e-01
1.045897228194819784e-01
-5.937909715710302239e-01
5.519670141112138773e-02
-4.124141459462231651e-01
-5.247238649730843196e-01
-4.416583913404775741e-01
5.679453823119382516e-01
-1.806927943015260510e-02
-3.602794779076203269e-01
-3.406022043165599644e-01
-4.605725655519624095e-01
2.215032167057122414e-01
-4.739511192519521021e-01
3.954755767665481536e-01
5.788994807128267084e-01
3.961392981056345852e-01
-6.671657837242905842e-01
-8.391806438548328195e-01
3.863891745830025926e-01
1.615737433312615101e-01
4.942113019608977420e-01
-1.405023959423700453e-01
3.756981404785312423e-02
-4.713516164076074766e-01
-3.316539285544303772e-01
-1.427835759675567529e-01
3.516385552891349020e-01
-8.274958814914074035e-02
-3.002238798323905722e-02
2.153337628653973490e-01
2.050210337109879544e-01
1.067472070970225118e-01
-2.284782048457077441e-01
1.081342912053586368e-02
-6.185837305113477402e-01
5.287607501779045815e-01
-2.979135221505374576e-01
1.170566377486403353e-01
1.454194476734224084e-01
-5.400722689250965214e-01
-6.361558434506932036e-01
-1.678306848013210936e-03
8.202188496377237070e-02
5.415382608618455329e-01
-1.278196842141416933e-01
-3.797784026556733777e-02
2.362801224875731854e-01
2.138958042795425785e-01
3.171832947049177953e-01
4.655293019525874598e-01
8.983327036310113645e-01
5.830931089206760065e-01
3.802192655071678917e-01
-6.742713628564114270e-01
-2.995296403415421624e-02
9.348484999348195823e-02
1.096539837021066888e-01
-8.084331389081330643e-01
-3.457502236850014121e-01
-4.186559796454636384e-01
2.947359103357796162e-01
-2.509305463171065398e-01
-6.339191679832689719e-02
3.491900108835278016e-01
1.888476595239948486e-01
3.493549223742524745e-01
-2.132439642334504892e-01
1.017283545220904889e-01
-4.824302132130740134e-02
-1.147032177966094135e-01
-3.682808163269789548e-01
8.554998437367684894e-02
-5.513476302692352782e-01
8.464450272655359431e-01
-1.954637052600706748e-01
-4.248771179895685091e-01
2.416940873030297698e-01
-5.942381574232507013e-01
-3.000220348523237046e-01
-3.281294860984608208e-01
-1.339550252237750316e-01
5.168691288278539631e-01
-1.135635788317655714e-01
-4.375318201678047303e-01
5.935590154371004346e-01
-7.127167949913898459e-01
-1.623076095646920347e-01
4.425776335310493970e-01
-5.239707679712435340e-01
-4.398366601224705796e-01
1.036076026050419402e-01
-5.476118573119507366e-02
4.689519585678179059e-01
-1.449769081972773765e-02
4.697193425117887622e-02
-1.339532233602804823e-01
-1.922951195505247513e-01
-4.531947413382231282e-02
7.180282274638238871e-01
4.308468572296654808e-01
-7.083669374697683097e-01
-1.000000000000000000e+00
2.246219924035587345e-01
-3.618190740485120738e-02
-4.343420249949353495e-01
7.080002008101060618e-01
-6.196119560553367545e-03
4.916411040854969938e-01
3.399123729034120300e-01
-5.273182428679991096e-01
2.147520909645138643e-01
-4.951978695948119347e-01
3.837234856315510645e-02
1.053834389999590559e-01
-4.728716991969627026e-01
3.161936796611026224e-01
4.868072215862828123e-01
5.828317040129792348e-01
7.453438207010855132e-01
1.137952187694599160e-01
-2.173882960343478388e-01
2.418832892649751543e-01
-6.348912640508942440e-01
3.587820379000712656e-02
-5.429370234348205315e-01
5.025610603827405098e-01
-5.667340126356372743e-01
3.853580582326469051e-01
-7.070810708136066047e-01
-5.398561943230562044e-01
-6.170676363440591450e-02
3.488580531588980627e-01
-4.374074907140185209e-01
-4.485633576324629668e-02
2.240606166647829411e-01
-3.066486256257745513e-01
-3.927411233400684293e-02
4.298419737861794987e-01
1.921146095987690539e-01
-6.091789278257536688e-01
2.143490607946836948e-02
-2.365015162920279801e-01
-1.000000000000000000e+00
1.792485056449964753e-02
-5.207974924995111277e-01
-5.095248788172791476e-01
-6.497455845933635121e-01
5.559799322842000624e-01
6.042190467962407219e-01
6.471392292131403767e-01
8.627698577190723306e-01
2.227865303019667745e-02
1.475363147460221139e-02
4.613355188873988211e-02
2.886186923514791336e-01
6.874453882643867253e-01
3.446642684106670518e-01
-7.951861594593523375e-02
-4.186544292666349310e-01
-1.674916351370455692e-01
3.853251396143408392e-01
-3.412003639125148480e-01
2.179719222361979347e-01
3.281626609362506830e-01
-1.187379541553915535e-01
-6.081563593456472683e-01
-4.398306512865579609e-01
-9.754748374748546391e-01
-1.597926081286345223e-01
8.717074192157030499e-01
-1.208476307486106988e-01
-3.543584313004606856e-01
4.613928307137366014e-01
3.719091814088669734e-01
-3.388590491828836759e-01
2.172506254629270050e-01
-2.731893665253851688e-01
6.583383079385489722e-01
3.516551019224306018e-01
-2.988706333989047392e-01
1.670769916695816204e-01
2.377587747376962990e-01
5.322409038170119455e-01
2.362988179935346378e-01
3.523875655661237172e-01
5.865483924925019021e-01
-6.247263176993287370e-01
1.770604731968878909e-01
1.596635079666200441e-01
2.443597744926552517e-01
-7.870891055263730118e-01
1.468149955147808328e-01
-2.107196893439874374e-01
2.514249525764183368e-01
8.267409971925123724e-01
1.449043526137093474e-01
-3.740293806536704180e-03
