1.355149063992600739e-02
2.573103448910188384e-01
-1.511044746640388681e-01
1.490179112475842615e-01
-5.815624643993294596e-01
4.146120946616571601e-01
1.220036755179169236e-02
-5.129452454143239304e-02
2.617102613068185146e-01
1.199845658517507407e-01
-1.729662141572332890e-02
-7.045295038690380790e-03
1.256849398844407384e-01
-1.574989148407096584e-01
-4.872104944973268958e-01
-1.000000000000000000e+00
-5.280696719674523587e-01
-5.908228149303043630e-03
-1.653821405145277090e-01
-1.000000000000000000e+00
-3.532122813360312197e-01
4.186576730896500731e-01
-2.214404168501705322e-02
3.800079184256082154e-01
-5.537362891696130662e-02
-2.414391766389264449e-01
-1.615183175405461580e-02
-1.648992348028082700e-01
-1.819363655596882290e-01
2.160585153019156379e-01
8.340747941735565663e-02
3.092621867326598717e-01
7.596645256478556235e-03
-6.313052906905598505e-01
-3.198997816131199934e-01
9.716379787411548105e-03
-2.766616953797198519e-01
3.655213968840280159e-01
-2.749876259522683886e-01
-3.401241973238620098e-01
6.266644565657086829e-02
2.289257039191459342e-01
-5.479684677997577191e-01
-3.228901243904201968e-01
9.065258940487267436e-01
7.298610941173541145e-01
3.751868463854050595e-01
-1.894000281683624887e-02
-9.994001503937516295e-02
9.572324453889625995e-02
1.037531876722221635e-01
-2.442566004750926778e-01
-9.337006570577424669e-02
-2.688682593966957857e-01
5.449816074349883577e-03
-1.589166905226407356e-01
-1.030831349319979162e-01
-2.513058867016481623e-01
-3.097149110417541928e-01
-1.243300724006242142e-01
1.444758817352222169e-01
1.986132162816023894e-01
4.924231198820128164e-02
8.496341714806639189e-02
-8.230536693009624094e-02
-5.171893005060763243e-02
3.679952028892556626e-02
1.050796209686126470e-01
-3.269254231959720092e-02
-2.534602572695388023e-03
-4.299610494383768883e-02
-1.576751155272423655e-01
1.770396712793800287e-01
2.555668402142790008e-01
-1.509250725941119198e-02
2.409636723681854997e-01
-4.200494579133913220e-01
3.862572933215624449e-01
-3.113777077510632846e-02
1.002559722451512869e-01
1.442019708546887213e-01
5.961602307149878321e-02
3.094736546319250547e-01
-4.159281514365014143e-01
4.287600087883134958e-01
2.476405972663003052e-01
4.756546868560001529e-01
-2.622577479748692264e-01
-4.394601025164965868e-01
3.131340742444275738e-01
2.991086605353668326e-01
7.687118516839617222e-01
-2.654861864214106970e-01
6.266298232903999565e-01
-1.906610660756584974e-01
2.140975255796342958e-02
-3.527849717177378164e-01
-3.634520888458158683e-01
-1.466016716489215721e-01
-1.128576297119260191e-01
-2.676287171903642959e-01
-3.021455691625078016e-02
-9.748945080297331811e-02
4.057881480962292065e-01
-1.073092748560739579e-01
-1.837234263558649994e-02
9.106406236717199398e-01
4.972210575573199343e-02
1.136766309161551039e-02
4.510448259222124556e-02
-3.134174763015121212e-02
2.881059815394090839e-01
2.129211917533850307e-01
-2.257530884955537276e-01
-5.035348555714416752e-02
-3.432648837029572686e-02
-9.863823843045756157e-02
-6.355279101742428161e-01
-1.298694811507480340e-01
3.119310607239227373e-01
-2.956891484936077230e-01
-4.659217896144050575e-01
7.206040533434392437e-01
1.506975170697084088e-01
-5.337210038456138284e-01
1.201948153124277191e-01
-2.685521263740672238e-01
-1.478939403819913012e-01
3.132901980740883663e-01
-1.634626900160937590e-01
-1.996873677509694578e-01
1.497493553115260001e-01
8.341962866427271583e-02
-1.017372655377306034e-01
-1.381901026618641282e-01
3.698392926320207691e-02
3.467239131416985365e-01
-9.167163889657896358e-02
2.631421980638176117e-01
3.548436012404533324e-01
3.414634984669091544e-01
1.806091171933950357e-02
1.372166670870684224e-01
-2.161644034558474203e-02
-1.097400631790011322e-01
-6.737417404854784131e-03
-2.623183654629676065e-01
3.552695174066961004e-01
3.436963826907464825e-01
-7.275134555960045823e-02
-4.574008625799030336e-01
4.316048689804773408e-01
3.559113310549608666e-01
-5.228538997666931643e-01
2.987445802825267060e-01
-4.960708582258338550e-02
2.010977529635313010e-01
1.934275006711254907e-01
3.658906698206379482e-02
-4.167834981860234489e-01
2.393976799305482794e-01
-4.854778556983990745e-04
-4.279125154814585746e-02
6.804917736518091287e-01
-8.225655671105991384e-02
-4.687127716615693135e-02
-2.966235868744145354e-01
1.426248681125633425e-02
-4.190936796308086798e-01
3.620708660504956544e-01
8.774678471256860957e-02
4.321293303699941246e-02
-1.156217424120274950e-01
1.488779274677861642e-01
1.000000000000000000e+00
1.005073558426007457e-01
2.675165827877195035e-01
-1.069634686722902572e-01
-2.325787717794753906e-01
6.290803140457908171e-02
6.711711475528683857e-02
-9.559233852724557945e-03
-3.062500477478273808e-01
-4.375823385077791117e-01
-5.541191795842514978e-02
4.506816936168516613e-02
-1.143074435627977059e-01
-4.912194465212126049e-02
1.131474088005002265e-01
1.992384913021341686e-01
8.536798847283538771e-02
-1.478815370670235330e-01
-2.569748428994153011e-01
4.092514743266150168e-01
-4.509565411808416635e-02
7.057466827299849199e-02
8.459727816952760104e-01
3.877898347264525647e-01
1.861392893153759887e-01
-2.762513670697850920e-01
-1.498311640084651897e-01
6.250372146846290278e-01
3.176595402352019315e-01
-4.490017937804089421e-01
2.938101007478687854e-01
2.199090616341847770e-01
-3.066382906339442521e-02
1.727715521477383165e-01
-3.151683589765250093e-01
3.215197809221204683e-01
-7.480105426594886309e-01
-3.480373226018149690e-01
-3.396225761612338412e-02
5.924899568045870896e-02
8.807424510127830064e-02
-2.893464486605163422e-01
1.016801611417744722e-01
2.217180612690394514e-01
1.839402153467102063e-01
-2.666309727613872527e-01
2.488178562965024654e-01
7.474665045990160073e-02
1.870854756367299754e-01
3.019236282037250918e-01
-3.419241650540831845e-01
-1.129138786374744990e-01
-1.592399457509956553e-03
5.476058550952050269e-02
-3.612995486230771158e-01
9.666044502847388753e-02
-5.245831124329393136e-01
-2.978005058286293250e-01
4.530838209582602749e-01
4.953680186075057335e-01
8.323766783154386284e-02
-4.911586135928829866e-01
-2.046962771193672759e-01
-5.786186929059973505e-02
5.884536840238361460e-02
1.918061388857807970e-01
1.538423362114113846e-01
3.939056657634013026e-02
-1.424322015050005497e-01
-1.827824800373693825e-01
-7.310186504251570128e-02
5.498172204269105579e-02
-1.535534795576115608e-01
2.851328200873539109e-01
3.075492591873792425e-01
2.288156311231103190e-01
1.825639960225325376e-02
2.144893023866976389e-01
-1.326746816016046993e-01
4.036711255757332584e-01
-3.968081870320753213e-01
-4.046490434421501359e-02
-1.143001524338069647e-01
2.809627933597335647e-01
7.408463279792953937e-02
3.755433994123543590e-02
-6.276287225533452863e-02
1.461500460029502291e-02
-5.690513014871005637e-02
-1.179181585504121554e-02
2.603018621886354911e-01
