-1.880696830804994557e-01
5.489666138505899795e-01
-4.616367118831770505e-02
5.751646576853555182e-01
6.179272871799879052e-01
2.893125818137948224e-02
-5.447757072346168794e-01
-4.689621512539069448e-01
-7.484522180096915278e-01
-5.466774086028579616e-01
1.226561249228748651e-01
-1.128778924628211500e-01
1.096343190010155011e-01
-4.862782631258206756e-01
5.690335170685023591e-01
2.254771895363957834e-01
-4.539556409480722809e-01
2.644569305419215421e-01
-3.965906349185644997e-01
-6.856680642213928145e-01
2.824129903215596427e-01
1.000000000000000000e+00
1.961940337835959280e-01
-1.449423544752681536e-02
-2.023268366301121390e-01
-7.857140282475828796e-02
-7.369100578316634120e-01
2.160830748328353701e-01
3.222110528280278663e-01
-1.876499186992354740e-01
-4.618856814898011365e-01
4.140549518072507151e-01
4.055975128357293125e-01
-2.484250729084650777e-01
1.000000000000000000e+00
-8.412435916755450771e-01
-1.390947375601654934e-01
-5.683773125851592223e-01
7.958755301640688118e-02
4.616072689943613860e-01
-3.367938421760023338e-01
1.465566299287654473e-02
-2.128849343705901398e-01
-3.730243568142263544e-01
3.384784826157546389e-01
2.992633844013276034e-01
4.894123042273719193e-01
-5.359426464714324156e-01
5.332714423389057767e-01
-3.487847184044705617e-01
-5.273159219572731010e-02
1.547761012096739996e-01
-2.932161308488797080e-01
6.246728658585185556e-01
-5.659956606952039060e-01
1.572590501049780098e-01
-3.123552468913607383e-01
-4.719480028036759367e-01
-6.394137420472361111e-01
1.665983627784088372e-01
-5.633029577051720804e-02
-3.512899477421902450e-01
-2.568251823130005690e-02
-2.855603823949033337e-01
1.978614523503383071e-01
-2.281729859257575210e-01
1.365553447760032568e-01
-1.072913382380242947e-01
4.671516934525203890e-01
2.315729218539110817e-02
-4.022390282657841709e-01
6.633513233136443255e-01
5.684458974789152741e-02
6.743907826355997059e-01
-3.531871603340197008e-01
2.951065289893230470e-01
-2.571456953263525635e-01
2.023651967738028176e-02
2.368160675948311200e-01
2.758762510671161627e-01
-3.054177461900704493e-01
2.719178834347837914e-02
2.174287710098794096e-02
5.254030226463488051e-02
-7.053657219335146555e-01
-1.335572248801780715e-01
3.622161186835168856e-01
-4.389038101037245343e-01
-3.586674192423822682e-01
5.416589533643512144e-01
4.693765147024678286e-01
-1.292493924877448630e-01
-1.000000000000000000e+00
1.433332870489706368e-01
2.779390464971223107e-01
7.790496871176393334e-01
3.801362718230400506e-01
1.890038306158985659e-01
-8.741972928281369071e-02
1.647625389186615497e-01
6.493462545380174200e-02
3.286705995754189424e-01
-1.733054642180853755e-01
3.803850406732419698e-01
-3.772868201615728334e-01
2.062573611056209844e-01
-1.907704051719277816e-01
1.219429097402272288e-01
-7.741044104796540593e-01
4.439647905865765076e-01
-8.225543934107476529e-01
-2.251402283034355523e-01
1.999534191927355431e-01
-3.706046204791113574e-01
3.014498116619649393e-01
2.479097264440898174e-01
3.761020612479425151e-02
-2.143236886645773775e-01
-7.181326684344471190e-01
6.543093782801961966e-02
5.407261640741702902e-01
1.927206363962782332e-01
-2.745594393921153009e-01
3.271686401389025112e-01
1.831365565682023244e-01
-1.000000000000000000e+00
-2.699386750386463252e-01
-4.057612489625825325e-02
1.833102078521163525e-01
1.735552105135329537e-01
1.029717643567374663e-01
-1.860432464808541853e-01
1.503455996407704054e-01
-8.157284551543990403e-02
-3.874162279745813064e-01
-3.520010788039029670e-01
-3.135225455870556122e-01
-1.113467565716537849e-01
6.310237931326769800e-01
-1.670577008931950491e-01
1.097988752098090770e-01
-5.139090599019718875e-01
-9.915861135514694169e-01
1.028650231221035216e-01
-1.086030761982207521e-01
2.922959011217420300e-01
-1.621030561597753827e-01
-2.247552143469110364e-01
-1.000000000000000000e+00
5.727662821308361352e-01
5.804539641160479935e-01
-4.325824499415082403e-01
-1.572158368777314963e-01
2.771586761679171174e-01
7.888890657113005467e-02
4.934237921982614905e-01
-2.289034810036229273e-02
-3.206460055502125539e-01
-5.910517974506916961e-01
-4.562353591395355568e-01
1.200785987580598735e-01
-3.777913627933932039e-01
-1.392990923092027877e-01
1.017482775136174661e-01
-1.427421498507653597e-01
4.734661339392689516e-01
4.529711111820542424e-01
5.717345839567372634e-01
3.022172236753427610e-01
-6.773213456270552602e-01
-4.148011439636963837e-01
1.026307998608624039e-01
-1.598816744200416973e-01
-1.091708181245367934e-03
-4.519260477376007418e-02
3.919701468283697809e-01
-2.665877566475325366e-01
-2.329621004637283388e-01
-4.061571950260186581e-01
-4.243451267857425435e-01
1.000000000000000000e+00
-3.135253793054130211e-01
-1.966070424914211912e-01
3.177737906015493663e-01
-4.956303257641792026e-02
-2.704292421167742710e-01
-1.000000000000000000e+00
-6.449151967827576604e-02
-4.030826691780927673e-01
9.061900088077062820e-02
6.218170145010248895e-03
8.107635829309796094e-01
1.361686964864520372e-02
-9.342123974795245311e-02
1.503921875888694082e-01
-2.387728254545157247e-02
4.836917593344358668e-01
2.163209760691492956e-01
-5.697564686395917288e-01
-3.310769662667536473e-01
2.952347647919956880e-02
-8.078952457678872934e-02
-2.135873703669766144e-02
6.091144272875861354e-01
-6.758791155945321760e-01
3.413918264065656238e-01
1.469877834436019159e-01
1.028158109765273803e-01
1.575151322172734236e-01
1.467335141252570085e-01
5.264624600349108174e-01
2.582470442362559404e-01
-4.787353384344658624e-02
7.161304002464847773e-01
-1.505226487779990352e-01
5.361811505353771823e-01
-7.375445288088664508e-01
-5.702562817071623463e-02
-5.946237545445268724e-01
1.686847922655518028e-01
-4.593035225175698955e-01
-2.307249940709144853e-01
2.546223706820937571e-01
2.149017695976209175e-01
-9.534276356072446390e-02
2.339168530503950016e-01
-1.583262112888486062e-01
-9.348440764674983972e-02
1.877183045220978119e-01
5.597759511899130791e-01
1.112175490461130706e-01
-3.093172978540423834e-01
9.939135522031843084e-02
2.770940964023345110e-01
-1.675848777782696641e-01
-4.238273907721109568e-01
1.283146012487591803e-01
-2.986145925192311701e-01
-3.004782635045615824e-01
-3.347392074358795933e-01
-8.470870652819363356e-01
4.018093072696521939e-01
3.950999965920874990e-01
-6.272529259461651074e-02
-3.680919923111353742e-01
1.221292720826621103e-01
-3.697249819575963992e-01
4.569422571924841026e-01
-2.133614666318377207e-01
2.553876057754509987e-01
-3.435715749644053796e-01
2.152187992077927714e-01
3.188171317995867060e-01
-8.202235410482404399e-02
5.179859780419915349e-01
5.261306666727245673e-01
5.982479363994183119e-01
5.929682672060212489e-01
-7.301225190095954609e-01
-1.040884828022330399e-01
-1.534251257634437204e-01
4.522823614038448681e-01
6.251448658065941189e-01
2.983858469916204625e-01
-6.506519006779509784e-01
