4.918606705987294547e-01
4.809524849430476534e-01
-3.252519568994904908e-01
-3.203594583070196178e-01
-3.068730655183035672e-02
-1.636233064758681466e-01
6.103691980634774750e-02
1.002699745992409117e-02
-2.647382523950858602e-01
3.381804497367682516e-01
-2.554118757192251343e-01
2.384271365333453518e-01
1.111069418887344895e-01
1.828351175153998254e-01
3.452622538542248209e-01
3.950597971714270296e-01
4.161736193908128767e-01
1.812437578075545841e-03
-3.157412270212653915e-01
-1.965653327258510830e-01
-1.396008628445032443e-02
-3.614385440393677040e-01
8.458423157828559580e-02
3.353099399219138244e-01
-5.138256753807783628e-02
-1.132227277980871472e-01
9.590547629324824852e-02
-1.050204761474775317e-01
1.325216477891164729e-03
-6.214802163568604598e-01
1.408658514001936424e-01
6.858575816712134121e-02
1.113348585240688492e-02
1.818907499138978923e-01
3.440542071597636475e-01
-4.451749940796794203e-01
2.209084963365097465e-01
-6.253654625767175457e-01
1.987180421436753747e-02
3.194307819398720660e-01
-1.171444448774386915e-01
2.783281062431512409e-01
1.242428832048185494e-01
-5.913335472871261711e-02
3.764139026270484356e-01
-4.865969758290180081e-01
4.885094806444076898e-01
2.761306742557480542e-01
1.706007916784952338e-01
-3.243809998940518358e-01
-2.117269649886504290e-01
1.243617181061882661e-02
2.656823283311923745e-01
-2.492492000796320828e-01
9.053508649961977683e-01
8.707176380888508732e-03
-3.034929969395686600e-01
1.580853200786903612e-01
-4.068165105533144144e-01
3.657143828666851171e-01
-6.009017913197350902e-01
-3.861573995834149953e-02
-3.398025926338902325e-01
-3.441570097309101794e-01
-9.985842838873237870e-02
-4.889474601340612625e-01
-4.869727595373390949e-01
-8.769510586039597211e-02
-9.498179578411095753e-03
2.589870085381070774e-01
-4.310635701627674732e-01
-4.753182242732253426e-01
-2.123953371536287660e-01
3.245462231434208256e-02
-6.678192557105597782e-01
-4.858669382626896321e-02
4.340860613838731785e-02
2.127315432054244226e-01
4.849954255320563234e-01
2.064355842265651331e-01
2.543950358532839351e-01
4.273078196032368270e-01
-1.000000000000000000e+00
4.383271087313897474e-01
7.877734119813931679e-01
2.947276610905541494e-01
4.144464250859017374e-02
-3.886243586446077591e-01
-5.745955187275222364e-01
4.510835841741169805e-01
-2.189221087592291282e-02
3.200852815548189262e-02
-4.325818419114128566e-01
8.333131012375114555e-01
-2.892333492505727577e-01
4.310653664804205976e-01
-6.625192926095138102e-01
4.983567578598706582e-01
-1.386333458899302248e-02
1.163856967693001898e-01
-3.591657776296709459e-01
3.084354074232117937e-01
2.058761829153865630e-01
4.302943526128924501e-01
7.413825000965493933e-03
-1.389551923437226943e-01
-5.596535811070223465e-01
-5.574724905580352718e-01
2.448631440970912565e-01
-2.753257637307064964e-01
7.154496209336004275e-01
-5.555913045982355802e-01
6.564755850646697422e-01
3.390521795658969495e-01
4.304882974533242868e-01
-4.028007834080636895e-01
-9.194108788296214696e-01
8.915593142870201215e-02
-5.797777706603151060e-01
3.316762288231429878e-02
-3.266860169070380238e-01
-4.077796207702967246e-01
1.238439915688965554e-01
7.858696964068778712e-01
4.092731684563797323e-01
6.568849220098947894e-01
1.912038577048013888e-01
3.089908441611745604e-01
4.462168496292052144e-01
2.088583773559923307e-01
-3.482254519473519938e-01
-3.696709965975373269e-01
-3.449318958543652891e-01
2.772681621281327669e-01
4.363665647076630516e-01
-5.702173102100972779e-02
1.261386508761918046e-01
-2.859789638223129704e-01
2.591786490374234017e-02
-5.570966360567020104e-01
5.296662289564626341e-03
3.693574847364631819e-01
-2.146116346677162945e-01
-2.066642388219429305e-03
-1.000000000000000000e+00
4.116937555420380201e-01
1.935495904755380470e-01
-8.658840622758255945e-01
-5.751496364005383999e-01
3.426205849059534292e-01
6.882687121701666633e-02
-1.588584083002135550e-02
-1.242804863425053669e-01
3.710672852833299395e-02
-3.484278238580736375e-01
4.526616328522707899e-01
3.074620137071568671e-01
4.108036403441537310e-01
-1.719784193393987526e-02
-7.773395783746349652e-01
3.421732814310556869e-01
1.979891182088024115e-02
4.888954176565749599e-01
1.417499653180845365e-01
4.201380506659943559e-01
1.276160533686258036e-01
2.346178644088198484e-01
3.168094325921007037e-01
5.419013012356700409e-01
3.250475352180556832e-01
4.119739263934222850e-01
-3.047283117212422066e-01
2.660043802431256710e-01
1.467701096736709898e-01
-1.446110812722698480e-01
3.313909322090301535e-01
1.364183729759491925e-01
5.290246863385887899e-01
-5.444801862452501584e-02
2.742913506347516295e-01
-4.003424334558851050e-01
-4.142776087078993141e-01
3.380926161405232999e-02
1.076600316913747628e-02
5.412683029967602089e-01
-8.626874526348675687e-01
1.007763239412562267e-01
-3.238144034782370340e-01
-9.845498540686258016e-02
-3.375237838630829601e-01
2.211000825488771138e-01
-3.668405844974826358e-01
8.132505966817520082e-02
2.626384697879670105e-01
3.663893468241932738e-02
-4.104078744261293599e-01
1.203041006132962026e-02
8.662554610059923776e-01
-4.353874585466692426e-02
-5.270119290353719732e-02
-3.453538562813656121e-01
-1.138387049672550354e-02
-5.581235926553375082e-01
-2.309999699178804933e-01
-5.337188105598275056e-01
4.088854085255000936e-01
-1.204556394537625863e-01
-4.073060197288530526e-01
-2.774936194362801478e-01
-4.306569189548031806e-01
1.970621396041346562e-01
-1.112200844188864224e-01
4.906356017122077695e-01
-3.758315857755353817e-01
-3.866363133942974373e-01
3.749849616241217043e-01
4.223256941734454539e-01
-9.068003531846662024e-02
1.000000000000000000e+00
1.230093804594874357e-01
-3.706010148375085689e-03
8.083790788515909931e-01
-2.089938026979402119e-01
9.411034142318343010e-01
-5.257840414352399350e-01
-2.895387013650210228e-01
2.376625392871441755e-01
-5.616635191845017472e-01
2.678616808814915373e-01
-2.293265236085161862e-01
-3.159276374984529290e-01
5.393179445465814403e-01
-1.008195461584844577e-02
-2.448598523422883533e-01
2.459816455933765689e-01
1.041437492146342174e-02
3.311121623161895622e-01
1.351812641797906223e-01
2.712103211378665280e-01
-5.636941635592660482e-01
-9.167397838836255364e-01
-3.038339269641074369e-01
3.378659271300624711e-01
-3.248305359257048774e-01
-5.457805953696477641e-02
7.082940616005873880e-01
-1.954602323167554945e-01
6.969254273472401395e-02
-4.456343819486335844e-02
1.241160889261948841e-01
-3.490870200089981612e-01
1.596433119357914057e-02
-2.564302680517509536e-01
-2.452636313061649920e-01
-2.115466222130672758e-01
-3.245461249540929072e-01
-2.264510963934328602e-01
-8.500689413146710061e-03
7.268041383821937096e-01
-6.838560538339626127e-02
6.065839257359048053e-01
7.812109082328022591e-02
1.732028610648883582e-01
2.785679140772041595e-01
2.459877482380331826e-01
