-3.253015188918706446e-01
2.587111332659322027e-01
-6.752877654849067657e-01
-1.907673827896492202e-01
7.271042016157169829e-01
4.724981797985043919e-01
-5.059638530069492379e-01
-3.685530241002319407e-01
-5.086058198449927570e-01
-4.017974092394793750e-01
5.490621078275084166e-01
-1.055081887322795176e-01
-9.699472170605771826e-01
3.078266776606966015e-01
-3.207327579328418388e-01
9.712206115464698808e-01
8.202069591625034128e-01
1.480455694704172487e-01
-8.096994251940283771e-01
-4.027414360659049564e-01
-8.576046391616418685e-01
-8.542915318905384137e-01
6.673096511543425979e-01
2.047325778969584231e-01
-2.435921733090844477e-01
-8.312312870985028024e-01
6.958124582399396463e-01
7.535136700559159628e-01
-2.148770013654193178e-01
8.453322882150273720e-01
6.007891696611780130e-01
-1.445969930015791327e-01
-5.267522829251658489e-01
-3.999444261717779447e-01
-8.482309182037450768e-01
-6.442959410772430839e-01
7.828827409984600028e-01
1.890002162837620681e-01
-8.885553109307517961e-01
-4.093610308973076872e-01
8.303148336136603191e-01
8.678671850797763376e-01
-6.659380560442162977e-01
-1.120223567956855071e-01
8.201894343636078055e-01
-3.304798449600458987e-01
-6.206560007425814263e-01
9.366578977069894840e-01
2.228197521122785574e-01
-6.433088373001325522e-01
-6.464090989813771060e-01
9.293484670146485715e-01
8.195971461055231444e-01
-7.179221673146662930e-01
-2.884097590361565100e-01
-2.421116320620502194e-01
-4.011409581783069722e-01
3.499381034297994741e-01
-3.883999926378867151e-01
-4.901942199570199499e-01
-3.651122946726070850e-01
9.796137347681344032e-02
-8.070632465003280132e-03
-6.753246062735938082e-01
1.790097839893050047e-01
1.743510395172420679e-02
-9.418378545815719871e-01
-7.589404315301584436e-01
9.844643605869196623e-01
3.900167871636610606e-01
-9.099190465423951935e-01
-7.534915972474043322e-02
8.260493233818166914e-02
4.594313605037183557e-01
8.639934356632690271e-01
3.427766846235686948e-01
2.088585304702927914e-02
8.889893814129465888e-01
-4.979536895550578102e-01
-7.847378727201739235e-01
6.951987010853508675e-01
-8.011751905635724480e-01
-6.843568103004478154e-01
6.661190569794770422e-01
-9.724908259303037816e-01
5.958410296243221715e-02
-8.309237946997447555e-01
2.631282859495713833e-01
-5.676373098697926611e-01
-6.653738535053581593e-01
1.106481369621523658e-01
-2.129586690574696295e-01
-1.178876557703523176e-02
4.875527526776735066e-01
-8.179960511156647573e-01
-6.883479226130821971e-01
7.081135805154601393e-01
9.125078406481503812e-01
-1.752697392283812938e-01
4.412242686011156323e-01
-5.930183529947523624e-01
4.081877977898302756e-01
-5.210085559999229066e-01
1.884284910361313514e-01
6.481428204749444255e-01
-5.703490396614707691e-01
-5.731800616419324701e-01
6.789528878166761761e-01
4.722534787774592679e-01
-4.556005294977119036e-01
-1.664599346067232588e-01
6.897840080882129410e-01
-1.762746469277365335e-02
-4.261430747592442891e-01
-4.349243882534532535e-01
2.252068403316154210e-01
-9.108791444955648409e-01
-3.111457202862415450e-01
2.531574971550361042e-01
5.221623843920297769e-01
8.821707205400841634e-01
6.421122781929660128e-01
1.188562941128954442e-01
-1.889625181447607272e-01
9.746430837749955334e-01
-7.802060893687157161e-01
-1.948711928915618508e-01
-1.055322094180186632e-01
9.729881832760789440e-01
-2.259882570443043637e-01
-8.408925273562368741e-01
-8.293122937615193813e-01
7.683640907747202320e-03
-2.513640206530824983e-01
-4.062167586872018621e-01
9.197092440416367864e-01
3.781860368109615234e-01
4.364773648039979026e-01
-6.458167660737723637e-02
1.493293672225197710e-01
-2.156894708550396444e-01
-7.145498486675430083e-01
-5.404388329350753306e-01
1.913304040812113804e-01
6.211784134682780678e-01
-3.344140173618792566e-01
4.077468260237864239e-01
1.076639815340285633e-01
-8.023936778445106555e-01
-8.839360316496109871e-01
-9.696712795408242158e-01
-5.986331221459622043e-01
-5.461437525794867742e-01
-4.683575335518990190e-01
7.969807710591279015e-01
4.343190098241631603e-01
-2.413855633554953251e-01
9.062555655952000411e-01
6.698757289883860988e-01
-6.927289782264198781e-01
4.499888168986532211e-01
7.906483243410973305e-01
2.355480129251807941e-01
-8.574396149472525153e-01
-8.654571229342222782e-01
4.580724231051749307e-01
-1.653209357198326401e-01
8.081176441522708309e-02
-1.143196974021449819e-01
-6.182406312445636321e-01
1.989519274811422100e-01
8.975764673450645770e-01
-7.117337571849247091e-02
-7.563639549940284201e-01
6.478548577402865050e-02
7.931674220703825995e-01
1.954967213089886524e-01
-9.426232535830221249e-01
-6.114278990943258218e-01
2.281735688682089425e-01
-7.574928729564847085e-01
8.165240017378030402e-01
-4.390069061252763749e-01
-9.694592657514411460e-01
8.334574101039027294e-01
4.959932543169025543e-01
-4.097847858783982833e-01
4.747607819018440090e-02
7.187223414781165332e-01
-9.948692235562823782e-01
-5.412787827753040570e-01
-6.811887580619035987e-01
1.004994828655081385e-02
-1.897457373182587226e-01
-7.143047348621265336e-01
-7.939609529012188194e-01
-9.975182416436660926e-01
-9.614185833677184601e-01
3.389927094960754062e-01
-2.881082832117476400e-02
2.033142393776177226e-01
6.595391038816007523e-01
-4.528048750708801862e-02
6.191990769795112648e-01
9.823776677648154987e-01
-7.790821695607814679e-01
-2.233097980027165530e-01
-9.367005510715342709e-01
-4.987733312059186019e-01
4.005953145565421814e-01
-1.592611255235543144e-01
-4.943261044591222841e-01
-5.049429270389247382e-01
1.123158297133399763e-01
-1.739364403004031168e-01
-5.083925298401634763e-01
-2.369051873820229304e-01
-2.607251947538495873e-01
-2.372837243285008668e-02
4.462129668418191031e-02
1.565441329164283246e-01
-4.260040525235739839e-01
6.827006878244112897e-03
-1.761344263052375680e-01
-8.461578131148810300e-01
-7.140421381245092292e-01
7.382191353350133767e-01
6.832676448337580144e-01
-3.486392767983570451e-02
6.186392093809862658e-01
5.144160379272915140e-01
4.759688837389219884e-02
-4.332240896336883029e-01
7.890401772309925121e-01
-1.655711106128445742e-01
-6.648596937861743772e-01
5.279105492286315648e-01
5.149278522542117820e-01
9.797090700029642552e-01
3.636959369120575936e-01
8.004294230567885471e-01
9.290179801961369055e-01
-6.466718046771766648e-01
-2.798246399630728298e-01
-7.133511299824637497e-01
7.656075117324008250e-01
-1.533081059642884547e-01
-3.845338979556611747e-01
1.318009804774566973e-01
-9.319870837588606349e-02
8.636359173187058147e-03
-5.887048547494866391e-02
3.114571307846882853e-01
7.780554935751846646e-01
-4.170059145608260298e-01
-9.739390177137003946e-01
8.826455654111109439e-03
8.677288067249697701e-01
7.859063385343654229e-01
-3.227704529101160791e-01
-8.668542226881739143e-01
-5.674909940746841741e-02
-8.766466964166914622e-01
3.514465947119955747e-01
-5.864436964788219964e-01
