

gen best mean std
0 0.423729 -0.370727 0.231143
1 0.423729 -0.229641 0.291405
2 0.423729 -0.084311 0.303122
3 0.423729 0.075741 0.280648
4 0.423729 0.158994 0.25424
5 0.423729 0.219235 0.22143
6 0.423729 0.181624 0.254684
7 0.423729 0.220365 0.222637
8 0.423729 0.222709 0.202432
9 0.423729 0.226077 0.195407
10 0.423729 0.254107 0.166121
11 0.423729 0.244827 0.184832
12 0.423729 0.240757 0.187663
13 0.423729 0.260984 0.166968
14 0.423729 0.278493 0.130308
doomsday
15 0.423729 0.149095 0.3118
16 0.423729 0.268861 0.162671
17 0.423729 0.271318 0.166743
18 0.423729 0.271549 0.157938
19 0.423729 0.265182 0.166443

gen best mean std
19 0.423729 0.265182 0.166443

gen best mean std
19 0.423729 0.265182 0.166443

gen best mean std
19 0.423729 0.265182 0.166443

gen best mean std
19 0.423729 0.265182 0.166443

gen best mean std
19 0.423729 0.265182 0.166443