3.022073177494108420e-01
-1.479867102379995025e-01
-2.231453865507669332e-01
-1.973006670473228252e-01
-6.254077398812846189e-01
4.949767702286001492e-01
5.254499123792003568e-01
-5.495726156755553760e-01
-1.837877174772468702e-01
-4.953566736408651083e-01
2.246419843217172807e-01
-3.424311316967052488e-01
3.240893448832220525e-01
-2.138303438420622316e-01
-4.037572096685670409e-01
-9.307294613551503337e-02
1.149151412751952539e-01
-1.001983976538452364e-01
-2.228726895094592098e-01
-5.834894384339839313e-01
-9.372269890780850210e-02
-1.441253098825685530e-01
-5.999887469063329704e-01
-4.845275519116445384e-01
6.987136603784092903e-02
4.400850906935755424e-01
1.209872564453872423e-01
5.575326691524160605e-01
2.811379320131379700e-01
1.646698584549028122e-01
7.188720800711999315e-02
-5.629094843188385822e-01
-5.907827389533362172e-01
-4.832308877325430241e-01
-6.525915188430063685e-01
-7.528815518543097163e-01
5.797368987924182981e-01
2.071418393136156832e-01
2.459690164589004024e-02
-7.512422379952118368e-01
1.608811970689978110e-01
7.106639287363369917e-01
-2.949308918053378248e-01
-3.952387401657103116e-01
-5.503528194199100998e-01
4.175656119415595002e-01
-1.994405536836090231e-01
-4.558548396845536477e-01
-6.026923703476725347e-01
-2.637620117977631518e-01
3.343609210402630483e-01
9.131505886010465867e-02
1.567376920260016016e-01
5.786379033275733386e-02
-3.832703505504424513e-01
-4.855401576091109006e-02
-4.100446373672906875e-01
4.177959248987396235e-01
-9.151747650419732316e-02
3.931439733759419242e-01
-1.571380242732619559e-01
-1.000000000000000000e+00
-7.489085483279597222e-01
5.706037959770773327e-01
-2.924234504835049875e-01
3.110127339418904402e-01
3.388009334699090269e-01
3.105672689849131585e-01
-5.374592562048061128e-02
2.756393111111886396e-02
6.206157912597688731e-02
-1.993600326205671180e-01
-4.307269948635520374e-01
-2.050164134631567436e-01
-8.282826417269575359e-01
2.803422452678882570e-01
-6.960585728348355206e-01
1.000000000000000000e+00
1.380070393617018332e-01
-4.459561461593499754e-01
-3.784224514518707005e-01
-1.856599758659618904e-02
5.168225380826266813e-01
-2.413343575866214175e-01
-3.235602490692374156e-02
-5.765883880502895575e-01
-3.797628054525183372e-01
5.806432152757514675e-01
-8.753489285110986895e-01
6.025108985301839137e-01
2.894375722226309733e-02
2.385872146165654017e-01
2.554276982325541789e-01
3.097268538619507017e-01
3.979067654715270352e-01
-3.672887156838647860e-01
-3.767166471686394513e-01
4.634144148630271465e-01
-5.947438142109972015e-01
-2.865579659689364567e-01
-1.101981357684101298e-01
-6.209532453300852239e-01
3.668681673984531821e-01
-1.650495590133644608e-01
-8.590067682355817524e-03
4.963828447278759159e-01
-8.569107033523484240e-01
-3.066943784916424387e-01
3.292920089948517259e-01
-4.546148259860839924e-01
-3.864355273843457783e-01
-2.900645220750480702e-01
-6.715754369039937943e-01
-3.156114989242235214e-01
1.770569938191128845e-01
3.844070499386900708e-01
-3.011970935917979153e-02
5.700112179647719435e-01
2.594749128626561152e-03
-1.160854342819388763e-01
-1.000000000000000000e+00
2.094074105075757197e-01
1.171592560175898079e-01
-5.049384811085814162e-01
8.348798244190602791e-02
-2.495541718619574967e-01
-1.612389535224550419e-01
1.316452162927725933e-01
-3.619275911657477418e-01
-4.429379512362177640e-01
-6.352233220648774159e-01
4.272054911936469246e-01
-1.106311689904691808e-01
-3.181854441237905173e-02
2.028214772570872126e-01
1.842673283067061130e-01
4.885388512926152615e-01
1.462263638632604890e-01
-9.620871967250155254e-01
1.979828924637170584e-01
-3.212079107455422800e-01
3.294985397586464582e-01
1.186257411858002986e-01
-6.842613787879114895e-01
-4.862642082949071853e-01
3.364858386867766171e-01
-2.755497469628055973e-01
6.287814958195030446e-01
-2.289772847919303578e-01
3.646824756272313284e-01
-2.002741831216358348e-01
1.000000000000000000e+00
-2.619207562417393831e-01
2.712328374390208241e-01
1.000000000000000000e+00
-1.289445770436346561e-01
-4.326567085042352934e-02
5.152417849774628689e-01
1.240306527178444140e-01
5.557075614201352209e-01
2.406756734343646342e-01
-1.253950775761754621e-01
3.847911474976896673e-01
-4.301511835366146341e-01
-3.052616914181356389e-01
5.192975336233259798e-01
2.214169301654624333e-01
-4.012723930616108881e-01
1.246451263509683327e-01
-2.920794915163215100e-01
4.050182077200463193e-01
2.910861080357802777e-01
-1.451283401702856968e-01
-8.188334662515697748e-02
-1.000000000000000000e+00
2.437332324333463252e-03
3.159228020273456283e-01
-1.334845024049513551e-03
7.860102895764667918e-01
-5.570754285850925136e-01
1.592516729536738729e-01
3.335158490136791443e-02
-2.684885405324283908e-02
8.986695073293024527e-02
7.959250024687711256e-02
-3.894340569764354609e-01
6.589579155861917670e-01
-2.214089631763510591e-01
-2.279689056989923635e-01
-4.109249809481403948e-01
-3.663260289528861846e-01
-2.425627399481977142e-01
2.008780759913564307e-01
2.865497882921985151e-01
5.024126713237909991e-02
3.819851150725702693e-01
6.745122941471952682e-01
-5.573550471892371183e-01
-4.616117522047236132e-02
5.211890056323877918e-01
1.565513785088456233e-01
-2.132666567955412984e-01
4.312776025646054001e-01
-5.115833116413865955e-01
-4.237553577529770132e-01
6.768338715261071337e-02
4.816138256041440635e-01
-4.621417628840908676e-01
4.257739300527918491e-02
-1.000000000000000000e+00
8.260901756778707417e-02
4.179081569840952248e-01
8.250537471653229815e-02
6.195895680682399487e-01
3.110154679903068264e-01
-1.628105515056609276e-01
3.965544139570749138e-01
-2.962247773434198983e-01
-3.574180672796106739e-01
-4.859281781010389989e-01
2.024339370225181345e-01
7.112496366874605513e-01
-3.972603909996447746e-01
2.756495476128281163e-01
-5.492203102480741617e-01
-3.071392668560393169e-01
-1.628661840958195994e-01
8.352630602942652249e-01
-4.077685357376980568e-01
5.536164722426579754e-01
-1.897253450171920153e-01
1.248386538376205501e-01
2.281288027649837624e-01
-7.163594871829548349e-03
2.184254115025810183e-01
-2.375313852031090134e-01
1.069424022514239847e-02
-6.434094502223755008e-01
-6.056275300360081104e-01
-1.964487041017255187e-01
5.889713730800473224e-01
4.297385991534173333e-01
3.157650604939984396e-01
3.848147135554300102e-02
-4.654749269383394727e-01
-1.703071961172781257e-01
-4.408151035265112649e-01
6.404494201442891832e-01
-5.649863612292373993e-01
-8.433654093891163051e-02
-4.481706834989336863e-01
2.357999258511607188e-01
3.186875400095299238e-01
-3.086003688207442641e-01
-3.109097506545828171e-01
4.974286744582120390e-01
-2.385492683627048194e-01
3.057102074286661142e-01
7.159964618964853589e-01
-5.956702554635678881e-01
1.046930468794610158e-02
6.797284133280404594e-01
1.000000000000000000e+00
-3.718434563891837019e-01
4.431593950371032764e-01
