

gen best mean std
0 -0.154799 -0.402407 0.324913
1 -0.154321 -0.351455 0.247302
2 -0.154083 -0.326788 0.260572
3 -0.149925 -0.287245 0.15254
4 -0.149925 -0.270468 0.136338
5 -0.149925 -0.274031 0.114203
6 -0.121065 -0.274026 0.153729
7 -0.149925 -0.241723 0.071126
8 -0.121065 -0.249863 0.136258
9 -0.121065 -0.234568 0.068784
10 -0.121065 -0.237378 0.112378
11 -0.121065 -0.251181 0.201881
12 -0.121065 -0.240257 0.200531
13 -0.121065 -0.247546 0.199472
14 -0.121065 -0.244084 0.117369
15 -0.121065 -0.244839 0.118719
16 -0.121065 -0.270814 0.222293
17 -0.121065 -0.252487 0.16139
18 -0.121065 -0.248989 0.082395
19 -0.121065 -0.236459 0.112226

gen best mean std
19 -0.121065 -0.236459 0.112226

gen best mean std
19 -0.121065 -0.236459 0.112226

gen best mean std
19 -0.121065 -0.236459 0.112226

gen best mean std
19 -0.121065 -0.236459 0.112226

gen best mean std
19 -0.121065 -0.236459 0.112226

gen best mean std
19 -0.121065 -0.236459 0.112226