9.120126431487122209e-01
9.998294813176971108e-01
-4.226565808166282134e-01
6.679262730242543356e-01
-4.358267577794445735e-01
-1.000000000000000000e+00
4.781109202417415105e-01
7.231230808289152989e-01
-2.078311239079339567e-01
-1.565863881525529355e-01
2.527993171830484886e-01
1.000000000000000000e+00
-7.048952483418073900e-01
-3.774591444869156431e-01
-8.947391596503521116e-01
3.726002808044007741e-01
-7.767442397971027201e-01
8.851868702371458175e-01
-5.720192378036464964e-01
-1.917181018959804584e-01
-1.052847378485009255e-01
-5.881166950713563601e-02
1.364666889743332279e-02
-2.970098776132736873e-01
4.869794497356185192e-01
-5.897206503737019156e-01
5.105425835053700734e-01
-6.491097325014411057e-01
-5.962674203916376037e-01
-6.650756672756643617e-01
-7.966787620972528572e-01
8.700239065529360993e-02
-3.866339978135906186e-02
-7.213805447772194679e-01
1.924688442605683447e-01
7.379842032579674305e-01
4.033014694023883684e-01
3.411476510345095026e-01
-6.300154457792568330e-01
6.268217546467500512e-01
-1.006068562667288557e-01
5.834210934735264420e-01
-7.949055887124417685e-01
3.018171179391847536e-01
-2.009508063991675419e-01
8.072085597703660964e-01
1.000000000000000000e+00
-9.978637370564716891e-01
-1.105243952322006347e-02
-4.658716276306775206e-01
8.071479332606746881e-01
-8.509342974580429431e-01
-2.133327359980214111e-01
6.763957274602477865e-01
-8.231822818750841320e-01
-9.829185891330330938e-01
-1.400167308167485081e-01
4.542163708604376460e-01
-1.634466597402886578e-01
-1.751734815151355651e-01
-5.579721405528745293e-03
1.801367258205926469e-01
-5.062928338981669274e-01
-2.482340333101839269e-01
-1.534906137191164865e-01
-6.412855123314828987e-01
-7.528081627845399915e-01
-2.840601408838698827e-01
-6.066701327618382322e-01
-1.104242336094111293e-01
5.521985551388937097e-01
2.782386847337849356e-01
-4.826565175525435736e-01
-5.685514419336997749e-01
-7.909421202109094828e-01
-3.453638271119364722e-01
4.304351495072927802e-01
-3.949687463133618737e-01
-5.394153621055957082e-01
-9.882649411287063312e-01
-1.389050173342294692e-01
1.434542309930387227e-01
2.380884326100455792e-02
3.500328057968606354e-01
-8.625971343256909341e-02
-2.021120289740334086e-01
7.917151374170685596e-01
-2.265058548849589737e-01
3.634745658919180666e-02
-2.114667259013658929e-01
-7.592975645278826624e-02
-3.037291465492536480e-01
-5.175737532412592046e-01
-7.363604639580807465e-01
5.672650843466540138e-01
7.625897367802907389e-01
5.631590184623294082e-01
1.492853492795009618e-01
-3.502517122355638945e-02
-1.000000000000000000e+00
-5.442113157668295731e-01
9.165622823556290877e-02
-6.458930407988064948e-01
4.805218362453160252e-01
-3.054767912700319110e-01
2.598808822841545130e-01
2.768452583626155455e-02
3.967933820352914642e-01
6.711772173286096876e-01
1.320919319303549555e-01
-6.580182555282725332e-01
3.483793056825945089e-01
-5.583394065127897932e-01
1.068034219480258618e-01
6.727789318977152044e-01
6.297198686864258210e-01
3.417980234994743016e-01
5.599989018739477409e-01
7.256103394407706353e-02
-6.615223994610454072e-01
5.534659221461590839e-01
1.000000000000000000e+00
5.979816575241929666e-01
-1.775756550224495134e-01
2.423474786340250597e-01
-5.667121758685558092e-02
-9.990481744619499338e-01
7.709762975705366506e-01
-1.173663822602245312e-02
1.194404582215223120e-03
6.048870640982962898e-01
-2.205132096759248872e-01
6.211391083941706359e-01
-1.969160038977730010e-01
-2.626298233706500507e-01
4.691712689432408490e-01
-5.141621256610218876e-02
-2.784043023615636048e-01
6.488299207228376275e-01
4.723363336189010941e-01
-9.270566572785882142e-01
-3.520642784160649130e-02
6.566394011094266459e-01
-3.467332726884453376e-01
-7.369834020463288116e-02
-2.191481531978815567e-01
-1.735867651122416644e-01
-1.365937187757055027e-01
-4.730663315267031876e-01
5.101813194814363017e-01
1.714875809015214692e-01
2.161268676708395439e-02
-4.983438740871090067e-01
4.640323583549078590e-01
-8.403564390599314038e-01
4.599452678555328022e-01
1.748652564280820110e-01
1.000000000000000000e+00
1.196575468142769966e-01
2.125905278815934385e-01
-8.838513687554777620e-01
-4.272287412350876945e-01
-2.566649658912928955e-01
9.963846555671129757e-01
3.611863794403128436e-01
-4.339851027214430279e-01
6.146070677176168617e-01
-1.000000000000000000e+00
-2.828125671794065599e-02
9.996531325058116701e-01
8.994645542937222682e-02
-6.616489027081333685e-01
6.292996947863108703e-01
8.870269770281706545e-02
-1.000000000000000000e+00
-5.753976723027277584e-01
-5.902623314135692079e-01
4.710537010389998502e-01
5.804407629659902312e-01
-2.271991609646594745e-01
-5.077969068604063496e-01
1.508002024524509599e-01
-7.410464409763513338e-02
1.691755283095779938e-01
7.166471271694310197e-01
9.998901709109681013e-01
-3.976401074526497714e-01
5.109753044062727984e-02
-3.317206120076660048e-01
6.523303389879137049e-01
-5.780932704586736470e-01
8.271069439419398428e-01
-4.056318868612518447e-02
-6.022848480417744010e-01
4.050608859805175932e-01
-8.562507859884900541e-02
8.387037030564238327e-01
6.286836573765792746e-01
4.317469449872632925e-01
3.136242101916136282e-01
-5.540841238249761824e-01
3.767510199480038346e-02
4.324745457926030268e-01
1.000000000000000000e+00
2.317089773753555626e-01
-5.934019070183499389e-01
-1.079778370649307068e-01
8.929539537506223645e-01
-7.314590914698810842e-01
-1.000000000000000000e+00
-7.906108678125465250e-01
1.856179961001889756e-01
5.962096293504864919e-01
2.837855210720976462e-01
3.101186772570618810e-01
-5.770784261038053309e-01
-4.604009672422251787e-02
-9.993654608467930078e-01
-3.947781857106977821e-01
-1.921692548105870535e-01
-4.299851756609462394e-01
-1.856381353616345375e-01
5.361815517909912510e-01
2.576322682693601984e-01
7.518416960290337236e-01
6.944059540227472127e-02
-4.890763891220929471e-01
-2.997108592228732715e-01
-5.401278451553939153e-01
6.037964420844092045e-03
2.259252742188252172e-01
-7.104166011594303942e-03
6.868597669842002595e-02
6.022415166997829861e-01
-5.290796300905153959e-01
9.643685284112538669e-01
-9.519033649455652668e-01
-2.654103176647774065e-01
-2.334074924381220328e-01
-2.426949042860802874e-01
-4.021680858916656387e-01
7.705587007853258452e-01
-2.316565731658156435e-01
5.726968134731020843e-01
3.276320690800241797e-01
-8.324777125402573752e-01
6.406216748193787058e-01
6.425943356069558909e-01
-8.281953773863087731e-01
6.008303350487029793e-01
6.164678842206242626e-01
-1.542774068505767815e-01
-4.018542686017370635e-01
7.423883794593008623e-02
-1.000000000000000000e+00
5.899414947593782932e-01
-4.507187188925171339e-01
-8.694642556541710698e-01
-6.027552297475412546e-01
-5.488889819153472960e-01
1.964806400312693602e-01
-3.136925211590614326e-01
2.828243974882240774e-01
6.013169762951244834e-01
8.699877054241278440e-01
