

gen best mean std
0 0.290698 -0.347335 0.204099
1 0.290698 -0.18811 0.243005
2 0.337838 -0.043497 0.289173
3 0.337838 0.095356 0.257753
4 0.398406 0.191798 0.212524
5 0.398406 0.229341 0.177567
6 0.398406 0.242766 0.172452
7 0.398406 0.261657 0.145125
8 0.409836 0.262672 0.142367
9 0.398406 0.264964 0.145895
10 0.409836 0.259547 0.16251
11 0.409836 0.232111 0.193301
12 0.4 0.25118 0.162706
13 0.4 0.258534 0.163047
14 0.4 0.240852 0.177612
15 0.4 0.243519 0.178764
16 0.4 0.235331 0.181375
17 0.4 0.243689 0.179709
18 0.4 0.242727 0.187852
19 0.4 0.252981 0.173618

gen best mean std
19 0.4 0.252981 0.173618

gen best mean std
19 0.4 0.252981 0.173618

gen best mean std
19 0.4 0.252981 0.173618

gen best mean std
19 0.4 0.252981 0.173618

gen best mean std
19 0.4 0.252981 0.173618