-2.245602540400015168e-01
1.394332242018373469e-01
2.276872606180712078e-01
2.005595176691880310e-01
-1.661602641487093246e-01
-7.440601517724396152e-02
1.900194371506390770e-02
-1.720899661621380083e-01
-1.483858882262134582e-01
3.505427204488795190e-01
4.721520442670238404e-01
-4.772328859253597289e-01
-2.422183742080152857e-02
1.701400908382319499e-01
-2.090462149396442038e-01
-1.639745305317091284e-01
2.439165306678542089e-01
1.364564730565375750e-01
5.956512743380978220e-02
-3.929726784006824514e-01
-1.297781539322334921e-01
-2.897596947159896547e-02
2.073267668799622099e-01
1.961017082904893682e-01
-6.093843166643598819e-01
8.670493893273642505e-02
2.067390735038659999e-01
-2.838810689531652831e-01
1.278883081793054377e-01
6.566309925852642504e-02
-8.945748914527665296e-02
-1.361494324786356735e-01
-3.941999068998974232e-01
4.444491622135517961e-01
1.275567250722768609e-02
1.072782179079679321e-01
4.626098506091974594e-01
-2.342227398229113078e-02
-3.167727698355549126e-01
2.955511330572550555e-01
1.060709473285075533e-01
1.714463419238996533e-01
2.461919410509683381e-01
-7.038744851021190296e-01
1.426359486091321460e-01
5.924770788999573351e-03
2.218503560669194130e-01
-2.679777952563254240e-01
2.697128736635873852e-03
2.244646693846486518e-01
-4.967685812872971729e-01
-2.658419560213617361e-01
-4.962712955324504599e-02
-2.549050241126317173e-01
4.570300082985908618e-01
1.825591668776185839e-01
5.758580345499730857e-01
-5.795995703932382836e-01
4.034789844681965221e-01
3.261335749685628227e-01
-1.241944292859432780e-01
-1.320160631485864100e-01
2.929908647450116255e-01
2.472601322588224293e-01
4.497958921444350500e-02
3.184025878838120938e-01
1.599333858021706190e-01
-1.122319893830837773e-01
-4.583771487562956493e-01
3.276459180701436769e-02
1.162524538173293279e-02
-1.844829909514924815e-01
8.751111567135171354e-01
-1.233128061564696398e-01
2.039113002048045797e-02
8.801385666849810552e-02
2.359065805292949111e-02
-1.000000000000000000e+00
-4.522286447925768504e-01
2.628571558964619692e-01
5.615777893770533824e-01
-3.517981378226290867e-01
-1.361668826421933987e-01
-4.053105395895338914e-01
4.104170293623291554e-01
2.618928176385287854e-03
1.337392143804924383e-01
4.712255114002216749e-01
2.069006767657370627e-01
2.556970328001368920e-01
1.916766573496611059e-01
4.644513607366435037e-01
-1.236579803242908865e-01
-1.892126560505054400e-01
2.093710055489209632e-01
9.820693479730453757e-02
1.520401090299208502e-01
-4.048316733780317200e-01
1.026886225008644543e-01
3.457328793677039158e-02
2.650245955229703076e-01
1.802285489681300368e-01
1.020062162790442151e-01
-3.001171278686267652e-01
-3.295539698448703980e-01
5.165468156015592255e-02
1.094220264206395149e-01
9.166925982334955814e-02
4.611579339935481525e-02
-2.833117815560197705e-01
2.034535047169019062e-01
1.499333626915852757e-01
-2.192769202394940498e-01
1.768800022424689700e-01
6.055753099987170041e-01
-4.614123683742435422e-01
-1.000000000000000000e+00
1.091602484747900559e-01
2.325715900643646750e-01
-3.025335641482249094e-01
4.947906231164253543e-01
5.527597973256143105e-01
-1.000000000000000000e+00
-2.033450729306142402e-01
6.963673412415458119e-02
-8.766103002393833832e-02
-6.050366599946630647e-02
-3.972843826909495113e-01
4.260851050225006320e-01
2.365888284792644347e-03
-9.092109978000117998e-02
1.000000000000000000e+00
4.294650336437019211e-01
2.888687797988565009e-01
3.700040419146370385e-01
-6.186191970557290976e-01
-2.959000097683079922e-01
2.696413762565460503e-01
5.082216019339942659e-02
-2.613513006514472936e-02
2.650091741061868511e-01
2.476352195997830463e-01
3.866562237283024395e-01
2.852792373315317653e-01
1.011057634873165217e-01
3.775276264174576846e-01
3.299886676339174041e-02
-4.788018596182215258e-01
6.123754941877093128e-01
4.717299515610133276e-01
3.467582901430577014e-02
-2.712774058149797218e-01
-4.089429442008600257e-01
4.434970173863386766e-01
-3.505504658281129865e-02
4.153026340519039988e-02
3.512187721518054140e-01
-4.869435181084522807e-02
5.284503481893145782e-01
2.003200157614479227e-02
-1.000000000000000000e+00
3.372322104109820584e-01
-2.123328202424005356e-02
-3.472499923010938794e-01
1.007838709574085390e-02
4.868204273807082844e-02
-7.046373809266510968e-02
-1.148199632896287070e-01
-5.372044211429546218e-02
-1.572511731399409418e-01
1.126383818243576196e-01
1.379337394095916658e-01
-3.744179690155602369e-01
-2.916175677297667690e-01
7.268194214560835809e-02
3.583031008672862283e-01
1.000000000000000000e+00
2.213593842955409174e-01
-2.247418005326748403e-01
-4.150493205561598536e-02
-1.191094586014626033e-01
-1.174785665216659947e-01
-8.325610121490946147e-01
-4.451270940261673470e-01
9.287916800795886774e-02
-7.437005065489634553e-03
-1.668043845585195917e-01
1.814421861728889585e-01
-3.609051494198523002e-01
2.987438867624444064e-02
1.892847039680936594e-02
2.626382547718840721e-01
3.981727809092015513e-01
-3.907019315796844694e-01
-2.712893987983220345e-01
7.465568410788006593e-02
3.108988544444602486e-01
-3.860281916461779650e-01
1.634344789152220589e-01
1.544660234171142399e-01
-5.919256411034408139e-01
1.106611154940110309e-01
-1.946004293686680320e-03
1.437043515588403986e-01
2.347181362670871518e-01
-6.524168915346906239e-02
3.330711957683517577e-01
-2.761295481219272485e-01
-3.969177933965134519e-02
-5.339496020393573461e-02
-5.193855992395631782e-01
-2.599151244228966595e-01
2.286985763989801690e-02
1.787179829838071998e-01
-2.383736199102919756e-02
-2.608519194575756872e-01
3.784106039697243129e-01
1.000000000000000000e+00
-6.443878126728729006e-02
3.468883833876522660e-01
-3.197635891405529729e-01
6.863150101668895331e-02
4.064097526031892893e-02
4.050033392746344996e-01
1.303798328756556046e-01
-2.098947471749764426e-01
-4.390683139631790244e-01
2.679506059701205478e-01
2.267059392739648876e-02
-3.549285362683414491e-02
-4.075296837962506524e-01
5.189641123610808648e-01
2.352534312369480574e-01
1.683837072743240015e-01
2.692930168516116107e-01
-4.343832800216025358e-01
-2.786459984057100270e-01
2.465904750281001645e-01
7.183140445357112380e-01
-1.296041490452402023e-01
-8.971973428055685096e-02
-1.230304244853395734e-01
8.884935342957697713e-02
1.359395098874472130e-01
-2.844475753080161207e-01
-1.292001757771487069e-01
-1.958349581129107397e-01
4.048908766418353178e-01
1.030818960604722168e-01
-3.221087433224974483e-01
1.105974238204223553e-01
7.466081153955717031e-01
-2.353076903901635819e-01
5.291895593328088676e-01
1.000000000000000000e+00
-2.175716675796448563e-01
-6.315882606288239498e-02
-8.411581958624259059e-02
-6.415558267243465229e-03
3.245764268089441906e-02
-3.217826941747877201e-01
-1.275101890759022527e-01
-5.937038600398396315e-02
6.927792173599223169e-02
1.191356298047640816e-01
