

gen best mean std
0 0.507614 0.051574 0.174232
1 0.44843 0.101397 0.160169
2 0.507614 0.179587 0.154431
3 0.507614 0.220528 0.155882
4 0.507614 0.252751 0.184525
5 0.507614 0.311432 0.137972
6 0.507614 0.344436 0.132723
7 0.543478 0.34551 0.132817
8 0.543478 0.344992 0.143015
9 0.543478 0.341693 0.146164
10 0.543478 0.342414 0.136013
11 0.632911 0.349225 0.146427
12 0.763359 0.389074 0.146326
13 0.763359 0.369086 0.18175
14 0.763359 0.369563 0.163839
15 0.763359 0.405562 0.156604
16 0.763359 0.414871 0.157428
17 0.763359 0.411777 0.149759
18 0.763359 0.402409 0.152542
19 0.763359 0.411334 0.158462

gen best mean std
19 0.763359 0.411334 0.158462

gen best mean std
19 0.763359 0.411334 0.158462

gen best mean std
19 0.763359 0.411334 0.158462

gen best mean std
19 0.763359 0.411334 0.158462

gen best mean std
19 0.763359 0.411334 0.158462