-7.398721234536018709e-01
2.528066692278093108e-01
9.496588465524469225e-02
-1.203243735915930090e-01
3.483357720295904847e-01
-3.102822965903965780e-01
-7.323292602816267038e-01
-5.239060140989862946e-01
2.397587904807326753e-01
-4.003920723100455326e-01
1.923559170393793760e-01
4.603031820414551500e-01
6.956613850484225647e-01
3.437646990419921944e-01
-5.987381773851608857e-01
-3.725916552582987928e-01
1.885308291805536940e-01
-9.335604237209942369e-01
7.625935125674532244e-01
-6.228598391011745949e-01
2.173424195964595573e-01
-8.939411510272616823e-01
6.183160261325318929e-01
-1.404910628041537990e-01
2.637158685185450949e-02
-8.955069440297958039e-01
7.263637210348476980e-01
3.087267949556740110e-01
-7.186566227077233471e-01
1.222101211191883030e-01
-4.812558123034016422e-01
-6.891294086263902163e-02
-7.478534803410097354e-02
-3.035086095077342838e-01
-4.442859816421903391e-02
2.957399692313932849e-01
-7.194127147547031420e-01
-8.513567786273246174e-01
1.000000000000000000e+00
3.306191461155534306e-01
-9.712021096059153535e-02
3.946592567249825878e-01
-3.455854847038938860e-01
-8.514399920409910782e-01
-1.000000000000000000e+00
1.331316986366322674e-01
-8.387440223538439321e-01
6.395143517042107817e-01
2.595313416940852047e-01
-3.312896588279330423e-01
6.568335227909165575e-01
4.647874164103052985e-01
-5.525878983382755960e-01
-8.420652644688362276e-01
2.497713719189662562e-01
-4.403475105731789463e-01
8.950210994153258159e-01
-3.631513494059231129e-02
-1.711300234358381911e-01
5.105426758545267285e-01
-7.379741763166512980e-01
-1.395299935904047994e-01
2.961995344623843396e-01
6.938845851523290920e-01
-4.727345881578530196e-01
5.821315413109244830e-01
-1.285070455070307927e-01
-3.149642523650972303e-01
2.188762076290467484e-01
-1.049145333973026117e-01
-9.091827036751483071e-01
-6.748778540347217803e-01
-6.952479078414016689e-01
-4.641002809204930468e-01
6.572308289004430426e-01
1.574570294384202984e-01
-1.102623089649578392e-01
2.143778377068986107e-05
1.000000000000000000e+00
3.792387789874471782e-01
-7.383640798583002152e-01
9.167919449724244441e-01
4.204446471934953911e-01
5.784073179673315801e-01
-6.235090340883698845e-01
-6.991301856625078415e-01
4.486327252855938363e-01
1.717511903229092529e-01
1.837079859465705345e-03
-4.534054070106156020e-01
-5.963555239206557168e-01
1.000000000000000000e+00
3.417240932497396799e-01
-7.103331862364210547e-01
-4.520678411376025108e-01
1.228294011394849283e-01
2.175840211168022509e-01
-7.210253518424862840e-01
-1.000000000000000000e+00
-8.243136662942159854e-01
-1.887832018721485594e-01
5.594500299727519499e-01
-4.121411324317978409e-01
7.865287631498271148e-01
2.392605251453043258e-01
8.254959562772037351e-01
-2.581473038665858533e-01
4.748031023418249896e-01
-6.675320077301652444e-02
2.167325224253362562e-02
-3.552970576610671727e-01
-8.517951969459141015e-01
3.759463684024124119e-01
8.847071776070714044e-01
-8.964866872451458801e-02
-7.511080558845353305e-01
4.888932242185519694e-01
-1.718863529608077867e-01
7.338080710739414148e-01
8.373154960970077276e-01
1.501574502382695686e-01
-1.000000000000000000e+00
1.000000000000000000e+00
-2.171949103424856697e-01
3.407899514910816552e-01
2.971629726706709884e-01
-7.740570303636581939e-02
-7.361506294374244863e-01
-1.111613851768626232e-01
-1.736554671367036562e-01
-9.124492615721800648e-02
-7.935497758609348640e-02
-5.196128615382492599e-01
5.216014691362821365e-01
8.819172852773052851e-01
4.753523989638162028e-01
-9.220146863939713278e-01
-1.739778914461868609e-01
-1.294573767782893348e-01
3.732670428503881976e-01
-1.559320898845265868e-01
1.000000000000000000e+00
6.930741826637983050e-02
1.966535141217082838e-01
1.000000000000000000e+00
1.526972821005233988e-02
1.458004442252513466e-01
5.852818829317291138e-01
5.888200000468771789e-01
5.306685465942994478e-02
3.653773391428417061e-01
-1.787541829580368835e-01
-2.704714346815704218e-01
6.831116396157526083e-01
4.508631373423245270e-01
-4.838190553408795447e-01
1.585049118417210939e-02
-5.506268901178660302e-01
-7.899397999375759039e-01
-8.579397247727562625e-01
5.768960945042321820e-01
-1.000000000000000000e+00
4.177011717871074170e-01
-2.830236252509736872e-01
-3.319615938148683387e-01
-2.625082964322117962e-01
5.751836217595183154e-01
-9.116839071373752934e-02
7.429601642289168639e-01
-3.833623523764911889e-01
-6.242866145265836275e-01
-6.569339141408672145e-01
6.378105407375961322e-01
8.841266100937087424e-01
-1.169452747861685904e-01
-8.880276768991512970e-01
2.589663830624032714e-01
-5.462492281799298244e-01
3.566581772873501643e-01
3.759421899619951324e-01
7.692594444325762115e-01
-3.305158969065568608e-01
7.238411308890436713e-01
7.347526870193492599e-01
7.970740993125774443e-02
-3.057733191901322867e-01
-3.379579145374605464e-01
4.304168104105698389e-01
-3.217384231447131815e-02
8.752555929692238390e-01
6.262271717701517471e-01
-6.046303229764089515e-01
-5.058099584361031020e-01
3.580585284450685801e-01
2.912797487168284349e-01
7.925449832854248866e-01
-2.193704125527072002e-01
5.429874574984490110e-01
-3.355245193525300262e-01
-5.143381958830531842e-01
3.178879829302543314e-01
-1.424871762363555672e-01
8.471978897246544848e-01
5.720858896140496030e-01
9.227730632909760811e-01
6.950531634006870130e-01
8.167402934525234137e-01
-1.007562163371543695e-01
5.925826299480522197e-01
6.652584969452702834e-01
3.136659376266632271e-01
1.000000000000000000e+00
-1.406802432939915082e-01
8.680084364122651053e-01
-9.135320050672894876e-01
-3.318891024602618756e-01
-3.773229706601306521e-01
-2.260790353013569787e-01
4.105405386758534392e-02
5.543736371558252163e-01
-6.197496532171837824e-01
-2.286814114980779133e-01
1.573692622204538594e-01
-1.820855589060457191e-01
8.492341139036542197e-01
6.857595436702046410e-01
7.891089885291201478e-01
1.000000000000000000e+00
-3.327739695977868228e-01
-5.726519657197646218e-01
7.711115635507308497e-01
-2.721298978009999980e-01
-6.363163102720621467e-01
1.000000000000000000e+00
-2.280538251600434663e-01
-4.470796171594060286e-01
6.831115978838786518e-01
-3.035824265695555302e-01
-3.938837561797736142e-01
2.321290179427670797e-01
8.973557162449400382e-01
6.794061163939547621e-01
4.437698037599965839e-01
6.289868904955316919e-01
-6.058955854319062473e-01
-6.718881203055423468e-01
-3.478058483226649233e-01
7.311948012713666012e-01
-5.333963235560745808e-01
7.325877084782966842e-01
6.063450565013134286e-01
-1.000000000000000000e+00
1.296989214321474515e-01
-2.974303407946826128e-01
3.501062759513225431e-01
-7.144113481361166196e-01
1.933617598055070719e-01
7.972053027968832861e-01
-5.094369558746110194e-01
4.152763813247757618e-02
-8.220497473316118464e-01
-9.694922869113344888e-01
-5.654057816721190510e-02
8.581098729065861352e-01
8.987410400315088976e-01
