-2.123537868831173459e-01
-3.273333359895419514e-01
2.819183737662840361e-01
-1.269008747260233771e-01
3.071591262195693117e-01
1.000000000000000000e+00
1.420427348946695992e-02
1.394347103035309954e-01
3.007576812382994347e-01
-3.017495011188682796e-01
6.184118395628116494e-01
-1.178261380684830356e-01
-2.658322096261248046e-01
-3.133861205193713140e-01
2.527273083296096012e-01
3.476135350464549800e-01
-5.250742786048971933e-01
-4.676992219079930124e-01
5.540940497012480925e-01
2.389973553045365295e-01
-7.894440220586979029e-01
3.705476737164704604e-01
-6.040568941838712069e-01
-5.265833446009196006e-01
-7.048267242805443811e-01
6.721885890949408360e-02
-1.628033476585255546e-01
3.537160320591160034e-01
-2.766945399844463749e-01
4.508430305904911339e-01
-2.006489914295809807e-01
-2.856075065027601223e-01
-6.565407488924186463e-01
-5.741914752732705240e-01
4.440024094026033818e-01
2.745369165935377387e-01
-2.678967029553543933e-01
-6.965714328491852125e-01
2.626620439530252260e-01
-5.097776763926495924e-01
-7.548270262921301654e-01
-1.235860436838425447e-01
5.354342191761534142e-01
5.850803632349046435e-01
5.552750590821070587e-01
1.943338617296856141e-01
1.641392313613255771e-01
-3.669771806506781919e-01
5.397429523322037070e-01
-5.210385453258033900e-02
3.297112964719730033e-01
4.666087289949175654e-01
-3.278731134269396996e-01
9.650670500425317933e-02
-2.366262499992450585e-01
-4.467677021888111222e-02
-9.682854669044302365e-02
9.841551961433042672e-02
-3.650349799260317885e-01
1.125325513343635730e-01
1.410939014775796640e-01
-4.068893861561034275e-01
-3.318169292868158315e-01
-5.824918822209799174e-01
3.018277755401628237e-01
-5.035698350869695084e-01
-1.057392751954605581e-02
8.451507771485153864e-01
-3.741042658078904126e-01
2.206866196000483171e-01
-6.774684692123733587e-01
-6.813814337426297163e-01
-1.869880183822978659e-01
6.886330670046212354e-01
-4.852910101077205496e-02
-2.022014347338043083e-01
2.030062818365666044e-01
7.422479499509249123e-01
3.793736042250408502e-01
7.440660872843503082e-01
4.774743780735625220e-01
-5.909663239680423841e-01
-6.936006537781276293e-01
1.000000000000000000e+00
1.972982463437581990e-01
-3.280691452563637700e-01
5.054081215217461898e-01
1.500747821922399639e-01
5.288865432443643488e-01
-2.591764272867014829e-01
5.223003434345395712e-01
4.620765286811927552e-01
2.165456733719583748e-01
-1.522234672455343718e-01
-4.578378322144698309e-01
3.208999280820196143e-01
6.594674109310394439e-01
-3.125576243820195055e-01
1.979929999928987105e-01
-4.669738769030144787e-03
5.134741622528161270e-02
6.197551378079975137e-01
7.348799769195376586e-01
-5.206544159647910064e-01
3.874753890210869134e-02
5.586885628923125013e-01
-2.476014134154375657e-01
-9.685758980393176509e-01
3.920239686347929409e-01
-5.676143811584815069e-01
6.019480981354994459e-02
5.127629222768897987e-02
7.040971835491124375e-01
1.672255273409090637e-01
-3.886553479721367443e-01
-2.391819964945327281e-01
4.135318676514657676e-01
1.119840940388148326e-01
-1.000000000000000000e+00
-6.685155258246101850e-02
-2.040539989958782552e-01
5.050016913589369660e-02
3.531043693925311477e-01
-1.100017337046331756e-01
7.620119646432968463e-02
-2.755105137954176886e-01
1.897720938829963455e-01
3.769185548610581860e-01
4.477314513861203604e-01
-1.239909236285834382e-01
1.855125105554678022e-02
6.642355473936526478e-01
-8.743215144938884520e-02
2.219274590637780875e-01
2.292664198195454583e-01
5.607812608981739277e-01
3.871975221391266708e-01
6.479021028956971628e-02
-6.734718305397726645e-01
-8.558025388019872004e-01
2.768924418682637834e-01
1.559923879786061229e-02
5.771922928718604684e-01
6.791084906877464800e-03
-5.938920800089791951e-01
3.923322813855220081e-01
-5.279410716587087382e-01
6.034406571460619248e-03
-1.339019214530246527e-01
-8.527951721031891141e-01
-6.783106940595129419e-01
2.463092911315433731e-01
-1.000000000000000000e+00
-5.961542249385609615e-01
4.456454643760277001e-01
1.150776333903720805e-01
-3.685370840836572626e-01
4.401656302599001869e-01
6.297452711621107646e-01
6.839989856020878278e-01
2.644089483295490872e-01
-4.569207557105408046e-01
4.629629075291402662e-01
-7.770488471451249268e-02
-1.877423950798315921e-01
-6.798881489046184612e-01
-8.003013581775936247e-02
-2.920362533874112376e-01
1.565252545783034632e-01
-7.469601561621277419e-01
-1.000000000000000000e+00
-6.255336185617033085e-02
4.949036539555914382e-01
4.295541490306383214e-01
5.522929280478837410e-02
-5.080548484530381659e-01
-2.754878140203496084e-01
1.851471981265771505e-01
-1.257505825065202698e-01
-6.981137074787300278e-01
-3.891315817741471950e-01
1.211087191129105040e-01
-2.485205935729572491e-01
-2.020470464474252159e-01
1.239219643483739641e-02
4.987188128074071525e-01
-1.000000000000000000e+00
-1.728000452007171228e-01
2.281849509185191749e-01
4.929936635387249799e-01
-7.093038544386395250e-01
-1.248065387494038947e-01
-5.667431713642336888e-01
5.710051513743592544e-01
-4.850462686093999221e-01
-7.345307783804384538e-01
1.355948475999554093e-01
-4.873453036648396353e-01
4.449682531319790191e-01
4.820247290901447101e-01
2.390489092606857824e-01
-5.673944434260568270e-01
1.119351052385094691e-01
-2.233949289330798560e-01
5.386147712258649856e-01
-8.044283300913646073e-01
-4.204308605106206742e-01
-2.068749087057635550e-01
-4.057797893097979391e-02
1.301356540292601671e-01
-6.745073275435238269e-01
-7.922118319708140732e-02
6.631698726176762371e-01
-1.460191796107613849e-01
-6.965841738257519400e-02
9.706756353540423321e-01
-3.420550821480711212e-01
5.759653658095520434e-01
-2.290548379640611754e-01
-2.230670163585541654e-01
-5.446968641564562397e-01
1.129115638333073601e-01
7.652014341370176886e-01
5.096241498075161358e-01
8.248129030393193117e-01
-4.752268653254295705e-01
-3.906758069789098564e-02
5.864934160132073693e-02
4.774035126135766083e-01
2.991195018380054527e-01
5.099534371909271169e-01
5.922151920905881495e-01
4.638349129863074682e-01
1.190208136934644695e-01
-4.494330978994971471e-01
1.000000000000000000e+00
4.554756136849839043e-01
4.910640900740459447e-01
2.954969810364844740e-01
6.281688148106342462e-01
3.749717740346372175e-01
4.408909262992707356e-01
6.017758404918267523e-01
8.324849321905805066e-01
-1.071534514421942919e-01
-1.831304826180718826e-01
-1.306029879557479845e-01
5.579721277411089364e-01
8.329580366766653476e-01
3.375902392276899366e-01
-6.311987691664099343e-01
3.216530007462560237e-01
4.146774870439436378e-01
-1.489521949833233216e-01
2.733097013121409402e-01
5.826240482700192902e-02
6.404916149218031762e-01
-1.522533061442655211e-01
1.858635085397726261e-01
6.251575153135191520e-01
2.668206278762525474e-01
-5.428343035971258113e-01
-3.341810137278686810e-01
1.000000000000000000e+00
6.082249123968095361e-01
