-3.620719300819592590e-01
1.507804011671167455e-01
-1.000000000000000000e+00
1.685083408085426560e-01
5.840830101151199827e-01
-2.047381201312176713e-01
-2.948776557987982383e-02
-2.154326230623646310e-01
-3.506008143740599881e-01
8.867887900132117585e-01
-2.424152494367436683e-01
2.545019690939887558e-01
-1.050243018400428135e-01
-8.570391633991562008e-01
-3.527428240741904975e-01
5.120414847187778618e-01
3.967159665128625057e-01
2.221588400835164574e-03
4.445075234241886442e-01
1.554248254922620531e-01
2.400091063036639827e-02
-3.226041634408037262e-01
-3.103265963933996008e-01
3.416929409770515513e-01
-4.023532551714721350e-01
2.908292827218580401e-01
9.665427168234679012e-02
2.878686977445038195e-03
1.000000000000000000e+00
-7.882222434355463658e-01
-2.217588556322947491e-01
6.033881161081304789e-01
-4.250762197820679988e-01
-5.147992828627166728e-02
-4.538005443006911666e-01
2.547592500261866011e-01
2.508286990672110861e-02
-4.054967411602760086e-01
6.126265483363461939e-02
-2.456698307414625637e-01
-2.099778889650986136e-01
1.337460152650914169e-01
1.182450543150211641e-01
-4.130390817894629696e-01
1.082453181841639273e-01
-1.756102273069274911e-01
-1.244592917322953074e-01
-4.719044013839465701e-02
-7.504025943582286473e-01
-1.596473144028588698e-02
4.856300622930738720e-01
4.962996084429793786e-02
4.661982723510474033e-03
-4.535991586157334110e-01
-3.931702946524419373e-02
-7.209080473316450965e-02
-4.632840781539457331e-01
-1.148310696647707185e-01
2.073995433309165359e-01
-1.000000000000000000e+00
8.732280847694864900e-02
3.525310174134921315e-01
-9.164913766413663732e-01
3.335614500013409089e-01
-1.017211397609912166e-01
-4.151565550203565325e-01
-1.920748652225323094e-01
2.180095348899140917e-01
-8.185591545367126853e-01
-2.295629449713791903e-01
7.813314652113917402e-02
3.747844847253941070e-01
4.633397422174831415e-01
1.000000000000000000e+00
5.733503939385139470e-01
3.045568675383322210e-01
3.472863102052317630e-02
-8.014323616965340902e-01
1.531795317322789673e-01
-6.078222172263515466e-01
1.894176104702465779e-01
-4.235576958520447244e-01
2.328632735010694454e-01
-1.349390113877954600e-02
-5.852241922894016457e-02
-4.210877497213836307e-01
1.950222545162413335e-01
-3.389673292102757807e-01
2.490317940016009979e-01
6.141743305599389746e-02
-9.100217452817750685e-02
2.600371063345312539e-01
5.884110601390789563e-01
3.406450247245957907e-01
5.895079171647908955e-01
-1.359612376882256002e-01
2.069006859344798555e-01
-2.767046239498573146e-02
1.644858203019390341e-01
2.412512634563934721e-02
-2.624380425816231210e-01
9.913455122926516372e-02
6.549733308966669554e-02
4.041123194388915874e-01
-1.358015263809633222e-01
-3.594292662472151068e-01
4.037240256501494207e-01
8.314305595051824094e-02
3.407005222185148785e-01
3.175257545566943090e-02
-2.763343628038026911e-01
-4.980776296903606792e-01
1.001876057566426226e-01
-6.926883184004433147e-01
-1.661584636732809650e-01
7.741793509343419810e-02
-3.288802333658586430e-01
-5.416391885713085497e-01
-2.112547741957955250e-01
-5.851938500264722981e-02
-8.409683153542495404e-01
-2.103162938895240253e-01
-8.192043005952927004e-01
-2.816022728582953660e-01
-2.173839903746359603e-01
-4.152746147604435834e-02
-2.166175923351701949e-01
-1.000000000000000000e+00
-2.506882783688723637e-01
-8.138346917509345357e-02
-1.000000000000000000e+00
-4.175151500579206143e-01
-4.071170739682408724e-02
3.174669218016606953e-01
4.668172020858253612e-02
7.811330177222020055e-02
3.256333951035678687e-01
1.532812712033228275e-01
-4.965166946833322048e-01
3.486595368421234187e-01
9.615698405042647501e-01
2.203225910314090819e-01
7.854454480597753419e-01
1.825227814844682384e-01
4.896398014520094155e-01
-2.777859887168304676e-01
-4.896995852934529214e-01
-4.288058838957898855e-01
-7.829508387798528313e-03
-3.664089014722832771e-01
-2.872755359744701420e-01
-4.120491719154762977e-01
-7.718116201496783013e-02
-7.941782309978849541e-02
4.355711455649597386e-01
6.670793147367440890e-01
2.829066192963629045e-01
2.498731258199204941e-01
3.781877194258088104e-01
-6.086033006867357376e-01
-2.976183697604659617e-01
-3.675232365726982531e-02
-5.108418699648074046e-01
-3.470875695510577952e-02
3.964784863324444242e-01
-4.038692382642595780e-01
9.015312078261844553e-02
1.000000000000000000e+00
-2.908218242922867847e-02
5.617607380760054614e-01
-4.644810897451040477e-02
-1.341795096058235881e-01
7.080455837568058186e-01
2.903345305107547514e-01
-7.584731328064088507e-02
2.441378126646378266e-01
-5.074589884015920371e-03
3.588304467658842700e-03
1.000000000000000000e+00
-7.627840636202201652e-02
2.879020659262637727e-01
5.508382635487665269e-01
-2.766575022124808866e-02
-4.651602673591306858e-01
7.394720075095085887e-01
-1.806067737729796785e-01
5.351248677815664267e-01
-3.525220038915423126e-01
-2.444132826260851377e-01
3.216952685276559809e-02
2.380822162213822590e-01
9.137682166416637441e-01
8.972657962933175968e-01
-1.078329959084062539e-01
3.047581315318443895e-01
-3.757609243678086131e-01
5.214783211426763376e-01
-2.809849117836647481e-01
-2.241933915091874341e-01
-4.101045530963918773e-01
-8.153328954894354386e-01
-5.416059046657070719e-02
6.465622515924170921e-01
-4.327190113120462645e-01
5.640271849884896938e-01
3.563936921303659244e-01
-2.969841408908376890e-01
6.205010877992186979e-02
-2.746283997060766646e-01
2.363804302083477860e-01
-3.209553670375135948e-01
1.240404259263359343e-01
1.458539723234582586e-01
5.230487147775509937e-01
9.193583422566766750e-01
-1.111264088580969644e-01
-1.742499582612130615e-01
3.842141479451054442e-01
-4.026395528191990536e-01
2.693815189654918396e-01
1.000000000000000000e+00
2.308561971148049841e-01
1.643508774741324063e-01
2.986155203410457704e-01
6.631064053831672855e-02
-7.053132261744357590e-02
-2.242379780330985839e-01
1.671311815851074800e-01
-4.114665101178739681e-02
-2.701031762337228748e-01
-9.832430005299276354e-01
4.119754374953139564e-01
-1.542942244932665186e-01
3.420137164525719475e-01
6.964638365089242944e-02
3.501803918299162266e-01
1.000000000000000000e+00
1.399872139017697414e-01
2.057537187746600882e-01
-1.375758698542464409e-01
-1.830187433480429671e-01
-2.106835167602954528e-01
-3.550647013020427067e-01
-7.477604433704165832e-01
5.531373324074469883e-02
-5.693263637058423310e-01
-3.814398444992551096e-01
-2.263185027016898776e-01
-8.302175028735173656e-01
-7.455899469286555448e-01
-7.480295297239991648e-01
4.409338762704342329e-01
2.687267782259243898e-01
3.889105040572317651e-01
3.964668221297634743e-01
6.113522372159992113e-02
3.323421625831987636e-01
-4.213994666862332095e-02
-4.358541469631087018e-01
3.109573102659093369e-01
-3.928520246046640629e-01
6.542309297039262672e-01
1.589708200052610265e-01
5.872710848830980934e-01
7.701292789246962922e-01
