6.433801605803615153e-01
2.477711331146438267e-01
3.527776659339455501e-01
-2.065361239387023262e-01
-1.486247669299824714e-01
-5.582731244692670236e-01
3.068745375782034879e-01
3.269144136580972027e-01
1.730224086973522202e-01
-8.605753724323934872e-02
-1.264198391185768384e-02
7.957244783099317598e-01
2.615008669347521075e-01
-3.746507969113254122e-01
1.000000000000000000e+00
-6.848795757626966463e-01
-5.069338732557915339e-01
1.962331368394809317e-01
1.057567460447788599e-01
6.923986290168361313e-01
-6.361028165397600853e-01
-4.041027877304545490e-01
-3.824688532246309780e-01
1.301460369386022928e-02
2.205152959151905345e-01
-2.308276211544317558e-02
-1.774470061975802204e-01
2.756263153864253468e-01
-2.018544289978725648e-01
-3.199803407868204164e-02
-3.275687177766862801e-01
-2.372693430427712524e-01
3.101514026172749183e-01
-4.723180204058498033e-01
-6.068396537829465198e-02
6.165266654441826644e-01
1.940672764570873510e-01
1.949529201856871341e-01
5.916290967049477878e-01
2.844060533049769940e-02
-4.274218133197282832e-01
2.230801581874688189e-01
-2.787399998600227358e-01
2.846099429906981948e-01
1.816514466097572111e-01
3.974684434766319052e-01
-3.791333654755162375e-01
-7.169366278232419676e-02
-3.027547614746849969e-01
-6.409666402875119351e-01
-2.893855742865127922e-01
9.762447763067723383e-02
-3.686039965761645498e-01
-1.836858431286587101e-01
1.036945117392358562e-01
-3.962310365831758219e-01
1.411805240691008101e-01
-9.360209412666843642e-02
-1.523420971078286168e-01
4.153190100124905526e-01
-4.646800530037887428e-02
5.714898344112396417e-02
-7.517339871747257263e-01
-7.442529290602484249e-01
1.803193096572777432e-01
-1.531861767045566702e-01
-1.265597247329812713e-01
6.507203133340090373e-01
1.215445534118143878e-01
1.777449352527767923e-01
-1.763153772147738052e-01
-1.691065133825854772e-01
4.820374272997035026e-01
1.240822440916221070e-01
3.078627723346764600e-01
-2.115319493740546175e-01
-4.535574503817842995e-01
4.115859190198321166e-02
7.432874798600648536e-02
-3.938212182132513339e-01
-2.211135741900470686e-01
-1.758499150171851377e-01
2.088460802102724001e-01
-9.300999763402646725e-02
2.864521397043708895e-01
3.454270774714112702e-01
7.039288015056206493e-01
-2.522905530545774822e-01
6.358628834195942936e-01
3.513418607264826021e-02
-4.672338067095127556e-01
5.030159093655529601e-01
-2.163419810516770125e-01
4.312832533412919722e-01
-3.196597631746206369e-01
-3.298499153243639737e-01
-5.575893114140360526e-03
2.872854017851625419e-01
1.218588159819817690e-01
-1.688707129997184808e-01
7.417444612353072397e-01
-1.683524494040777031e-01
3.081751983834457032e-01
1.356674158210125491e-01
4.315935633810334959e-01
4.076372245632710611e-01
5.048924402441998804e-01
1.761633964669568619e-01
6.980543543295663067e-01
-3.585781110412809662e-03
9.071095402937566499e-02
-5.143598658231617327e-01
-2.794031869614098107e-01
-8.378242027510696133e-02
1.476758075232721956e-01
-5.003429189377046893e-02
6.150512826993678184e-01
3.158947170621066031e-02
5.459986254456455912e-02
6.668147699780516691e-01
-3.790095521389425515e-01
-5.013753079831485826e-02
1.147863924719114137e-01
3.610909391779804078e-01
4.092823194032488843e-01
3.962256636820574163e-01
-8.270075711251512196e-01
4.251214491968306475e-01
-2.088521087717989944e-01
-3.286098944899106256e-01
6.455275132677686933e-01
-3.218588706146683909e-01
-6.124454262007557048e-01
-9.716262705673234246e-02
-5.827679302982714110e-02
2.282832550795503845e-01
3.614995923602357664e-01
9.175273772975819364e-01
2.581075309905399573e-01
2.227229497915123313e-01
-7.593094612646326125e-01
4.094665491702726423e-01
7.776468814024443121e-01
-3.127108574063187096e-01
-6.487326808443056869e-01
3.596893589184779749e-01
4.230965257448295325e-01
3.082377094032158205e-01
-9.787154657918295531e-01
-5.776719395267294888e-02
-8.155948907909041368e-02
-5.235405469043442617e-01
2.825843807777587147e-01
5.062509165642551379e-01
5.726479791198958447e-01
-3.323736341349319279e-01
-8.978787560669568291e-02
6.439522704108685547e-01
3.269585773946803164e-01
2.436016869356197323e-01
1.159949851095844753e-01
-3.270767496875792157e-01
-2.704503067534284044e-01
9.873403511837856028e-01
1.740466729874049212e-01
8.377647787467240592e-02
1.542947202877228696e-01
4.253585326897769692e-01
-8.457523226269016148e-02
3.228288457702531700e-01
-3.772709301429044149e-01
3.046943089206359812e-01
4.686557082491151216e-01
-2.947180055567718560e-01
1.801932990268795970e-02
-5.717783636024936778e-01
1.350607818530223658e-01
-4.520747155338346035e-01
1.297342653922363975e-01
-4.500646042009616155e-01
2.525476141856191070e-01
5.639518546057112891e-01
-3.414599219811291775e-01
9.911650899500586975e-01
-3.541881830685621457e-01
-6.685939040276944745e-01
4.213439273163056553e-01
-1.833500183333013067e-01
-3.737826208306872511e-01
-4.326835793103708805e-01
-2.211405381067205189e-01
-5.100535892854238806e-01
-2.289128967793776503e-01
2.687387330722482148e-01
-5.297437521615291911e-02
1.611600819750939328e-01
-2.828724563955277715e-01
-3.082533168346356933e-01
-1.937867749911099946e-01
-3.247604320515439236e-01
6.079711289563070054e-01
-3.351731387569903964e-01
6.477604638423068995e-01
-4.773928831054057853e-01
-2.872060661114850255e-01
1.065103484471078554e-01
1.868726516560567374e-01
2.554203643181902905e-02
-7.206572228456041840e-01
4.021413524776680237e-01
-5.979685244733412564e-01
-6.446869228674685370e-01
9.187122906226976096e-03
-1.238566983636359142e-01
-2.850190081973302814e-01
-1.939423649556103746e-01
3.851319870494593345e-02
1.213522946354172599e-01
2.928811906881754190e-01
4.817961186148356223e-01
3.051773406447612635e-01
-2.595211616616241446e-01
3.913946093732844078e-01
-7.293288734588547484e-02
1.726254300694621269e-01
-6.317075459966988715e-01
2.314265569443645920e-01
1.857420297785769281e-01
-2.023512802567681568e-01
1.022089500543641588e-01
-1.000000000000000000e+00
-1.346337408708796202e-01
-2.210958890109705755e-01
-2.894404485525266524e-01
-7.964747563891230175e-01
-4.711241987663332687e-01
-7.984267722641678056e-01
4.250888189941767203e-01
1.397924904798630297e-01
-1.451308692787134369e-01
4.325102572845086757e-02
-1.692300530306276307e-01
-4.562691195170490155e-01
3.500098080753739627e-01
2.123075538633239015e-02
-4.715011548843383027e-01
-2.863091694500986550e-01
-3.955621856479101250e-01
5.500549885364026670e-01
2.908805957918033508e-02
1.411473506188207772e-01
3.909762067369454419e-01
1.944337381004524606e-02
2.672538606485133639e-01
5.746215805808593813e-02
-1.639959471900715171e-01
1.746999683547269602e-02
3.691222997798915828e-01
3.466036463906944920e-02
1.519696584558875296e-01
-5.620889524094753176e-01
8.119503951430594169e-05
-1.036429444365628283e-01
7.405632852565575963e-02
4.360734954752511494e-01
