-7.941066280276606326e-01
-2.385412430780095572e-01
-1.978459777863528224e-01
6.670805542044730974e-01
-1.317519970151283526e-01
3.671548698811507028e-01
2.221280980647866166e-01
3.998475743477247768e-02
-2.853972732561739223e-01
-2.446549107964829106e-01
-7.639703592419605505e-02
-4.630462038418338144e-01
-4.372361055291130137e-03
-3.530793713516109933e-01
7.370409311390476725e-01
-4.067391225218361939e-01
-1.914601894719097641e-01
8.217478800354099944e-01
-1.000000000000000000e+00
-2.998318346196592321e-01
-5.859740599093183899e-01
3.229100709058032037e-01
-7.746991123370557120e-02
-7.133533100721956011e-01
5.457740124490483291e-01
7.647990641625832531e-01
-4.432507222715984518e-01
2.359739054986168538e-01
6.870117523665222325e-01
1.174058878219283036e-01
7.495265487585082154e-01
4.607703533431887211e-01
5.313891807414110602e-01
-4.907615095897296942e-02
2.459684107069663728e-02
8.731247195440969833e-01
-2.807141102156939794e-01
-1.873557531937981580e-01
4.872863074638459913e-01
-7.590906088554120190e-01
-5.658497623892442263e-01
1.621168126848547830e-01
-2.508449714727657431e-01
4.315169143525726669e-01
2.440247180912388514e-01
2.171470698413311973e-01
-3.250279637039584779e-01
-7.587909637886285363e-01
-5.932665894409392404e-01
7.193837142939475404e-01
4.788094538176898562e-01
1.830530441679222020e-01
-5.813368672074050725e-01
-1.412255513195779522e-01
1.000000000000000000e+00
-3.649633191748279937e-01
4.991008618870752533e-01
1.000000000000000000e+00
6.473981315141330573e-01
5.262903916473078425e-01
1.315781330041717045e-01
3.954193899023166758e-01
-2.087828193002469468e-01
-7.102428123277586547e-01
2.982811197050398433e-01
-8.831120333083297691e-02
3.390587150785097648e-01
-2.356264925723112191e-01
8.449404655608756531e-01
6.530284435877861671e-02
-8.460623528361538304e-01
-1.000000000000000000e+00
-7.999943493045048593e-01
1.380082983957778286e-01
-6.410655660084287888e-01
-5.167765484393570530e-01
-8.239090240149342659e-01
5.463881477428582656e-01
-7.616764533439789320e-01
7.878428398200294502e-01
-1.353730244678377215e-01
8.519213250140844629e-01
-1.009748121825055633e-01
6.235230308510606445e-01
5.366818714727075168e-01
4.068168085975978898e-01
-6.642893877056550433e-01
-6.207130227653063353e-02
4.608227734029979317e-01
2.773881352466240902e-01
-1.421398392450519410e-01
-6.155838017202084345e-01
8.634054995228422902e-01
-6.117744779667141364e-01
5.472339601230051809e-01
2.709574551565308020e-01
7.836230954605252208e-01
5.620024801064977815e-01
-3.317932558799885912e-01
-4.643165938038584240e-01
-7.040205045087469804e-01
-4.518725362345502039e-01
-3.974045246363440143e-01
-7.905070093747122995e-01
3.647081870393300562e-01
-9.720533403063530420e-04
8.671470828337630721e-01
-4.506479853157804305e-01
3.973128630204192935e-01
-2.460004495445368700e-01
-6.231669058306918973e-01
6.272362149023802402e-01
-1.428905404065297924e-01
-1.935647879367742574e-01
-6.224362874046816818e-02
-4.337197935730254805e-01
-4.284249116426637194e-01
6.390269165226678538e-01
-8.550171541898349270e-02
1.126297009859953124e-01
8.274238198893291152e-02
7.047545281162430619e-01
7.105643239469267014e-01
1.108301688717519551e-01
1.000000000000000000e+00
-7.375916635080418393e-01
-3.009937316882519420e-01
-2.808845236747111729e-01
6.599921485714996816e-01
-4.743428006561249410e-01
3.681607389227105065e-01
1.300342304910203917e-01
-4.752286176016699004e-01
-5.365406737376529067e-01
1.910822887450559504e-01
2.298245915120645799e-01
-3.009602045591813768e-02
7.423445926329754752e-01
-6.992915228177767895e-02
-8.789703289488270954e-01
-1.000000000000000000e+00
-5.954672084351552153e-01
1.000000000000000000e+00
4.716201010019386297e-01
-7.661778511534347302e-01
-1.548660664290519295e-01
1.249153285277204012e-01
5.776861075151096259e-01
3.759816567009328647e-01
7.438081435317329682e-01
4.302855157752917270e-01
-2.074334115954256930e-01
-6.063080897625250376e-03
-6.621480764514409145e-01
-5.853127050635569262e-01
4.764324556541423838e-01
7.727280863876540007e-01
3.023654711559023989e-01
-1.668926575031745574e-02
2.917642586084776557e-01
-3.383822108677344564e-01
2.213163198208618065e-01
2.822673518072331689e-01
-6.147257892427708814e-01
1.746500384783921944e-01
-5.039569805760068383e-02
-3.966146178384311050e-03
6.629079143844626709e-02
-1.418083230774064285e-01
-8.373419530567540736e-01
8.761932173323873085e-01
6.443283298835734696e-01
5.684869666796277254e-01
4.109623814457946667e-01
-3.097269850719526207e-01
4.773749181385525397e-03
-4.568418781571979559e-01
-6.817312549821146206e-01
-2.372595190104932472e-01
-6.409507303330692629e-01
7.325782977989150346e-01
1.000000000000000000e+00
5.399617898699451968e-02
-1.000000000000000000e+00
-2.015909979255744999e-01
2.676445553727421212e-01
-5.823747049366951867e-01
-2.173696584326277881e-01
-3.260040636044554407e-01
3.773997621446870121e-02
-3.085323605353824661e-01
2.771650103569027190e-01
-4.851545331082836032e-01
1.411720632371055717e-01
-1.732067390521559724e-01
-5.416543734698765489e-01
-7.629322800117259717e-01
-2.013185078668281724e-01
-2.239902688318401169e-01
2.756020560579210965e-01
-1.579481142655739245e-02
-2.700968449663146420e-01
-1.852954166673487224e-02
-2.491866180595628255e-02
6.791343746269320469e-01
7.212015748824315287e-01
-4.490050543813345341e-01
-5.336053407711678354e-01
1.145067917849959538e-01
-1.000000000000000000e+00
-7.790666191969477516e-01
2.318055389390143994e-01
-1.650066345069484686e-01
2.442179700056358871e-01
-8.291088432350587900e-02
-1.467475606839032110e-01
6.567198746914747476e-01
-2.247714392947987028e-01
3.323807911856344610e-01
2.953505055927718725e-01
4.157933221592355899e-01
1.408342229960216629e-01
2.402029861422413926e-02
-2.794154979275949580e-01
-1.627718080465713202e-01
7.518533689597584058e-02
7.320207566620734463e-02
-6.450485710736805767e-02
-1.069024174409322070e-02
5.929168325510835169e-01
4.305525031262268376e-01
4.034259031032425002e-01
6.393481268482266167e-01
9.296346229838092778e-01
5.749550611375983111e-01
-5.183227287413014750e-01
-5.389177547516796341e-02
3.186781036872060047e-01
-5.311520833620698989e-02
-2.575665453520327719e-01
5.931853395038376719e-01
-4.958557799273406452e-01
7.827987427928776443e-01
-5.573431248832162455e-01
4.347557861466908591e-01
1.479889316048678960e-01
-1.097515732406992017e-01
2.516442635460000021e-01
-1.374315679176672522e-01
3.406374216369996155e-01
6.703356203497845556e-01
-4.427207181642630607e-01
4.062193591529537073e-01
3.665893403192516109e-01
-2.786220279834943359e-01
-6.110324127940932604e-01
-6.778770528418658348e-01
8.979321887853041195e-01
5.801570561180499075e-01
3.645031594154260479e-02
3.023257327920969573e-04
-6.099745980871693618e-01
-5.944484487494786640e-01
7.338714388381485376e-01
-7.635411634951555504e-01
