-3.962843127259698672e-01
2.928380706898021102e-01
5.704387663429681954e-01
-3.187059378956471623e-01
-6.800278820246262457e-02
3.605889164010557535e-02
-9.581822360237899350e-01
-3.821105066861855137e-01
-2.791940031066279526e-01
2.616238107453764394e-01
-7.830309864356809202e-01
-1.842845873153151626e-01
-1.285032316338709235e-01
-9.022145012075275528e-01
2.499824450942339238e-01
1.586011410593807791e-01
1.000000000000000000e+00
7.937094826387908197e-03
3.349636785407613671e-01
-7.466362721034353056e-01
5.102391785685722603e-01
2.048418250104901694e-01
-2.830749690802202845e-01
-1.000000000000000000e+00
3.354841119514967440e-01
-5.101454828371374539e-01
1.828747760257066479e-01
3.562557395338425414e-01
2.775021111263855644e-01
-3.898719597932679415e-01
-6.965761910806576862e-02
-5.626744532071344951e-01
9.000534771851095295e-01
8.651087869616154169e-01
-8.861376486442017475e-01
-6.443382456163146976e-01
-4.230941520148748802e-01
-4.007770127993968701e-01
-3.889760829927819130e-01
3.328310611627836590e-01
-1.593561019173368176e-01
-3.184470055095683927e-01
3.567125504605879183e-01
7.403867240470061173e-01
5.386642337891008742e-02
1.000000000000000000e+00
1.539500745177453389e-01
3.150686500824678715e-01
-3.704831645866885070e-01
-1.332538898135722238e-01
-1.654650715179163956e-01
4.867772467323545904e-02
-1.194970222571121177e-01
7.019079656422261282e-02
8.425239850704636657e-01
-5.134630860523777818e-01
2.410959905071874410e-02
1.207104849290444870e-01
3.175933041497360776e-01
1.838388458056592067e-01
-1.000000000000000000e+00
2.187307110499689400e-01
-2.254629084857515120e-01
-1.844510005629414195e-02
1.366831266115413890e-01
-4.176460969735531492e-01
-2.694749725908903715e-01
-1.234519539616699413e-01
4.864207561257601897e-01
-3.924368139684516477e-01
-6.849160250511338033e-02
2.145597881009399244e-01
5.396169609346360696e-01
-2.492703033925486658e-02
-9.159033718619146169e-01
-7.729646241353533842e-01
9.484623047818593888e-02
5.238432071210492591e-01
-4.017756926294497877e-01
1.090781806510083551e-01
3.329159519714836590e-01
-3.361511744627331821e-01
1.375561653471475687e-01
-9.979681165185003144e-02
8.851058455255382817e-01
-3.450800250194325236e-01
6.721828777184920556e-01
-4.153907858473552261e-01
1.261599394270570274e-01
1.029613399313115268e-01
1.000000000000000000e+00
-3.436334627265115182e-01
-5.130493545059787719e-01
-1.000000000000000000e+00
-4.424430675587506800e-02
5.112115551800572311e-02
-5.565102562155599397e-01
-4.954566466682979176e-01
-4.876303392537831849e-01
9.539795349499970156e-02
7.142298943106180076e-01
1.391379842943259171e-01
1.000000000000000000e+00
2.311553050218591032e-01
-5.378093631917114648e-01
-2.264408344088585101e-01
2.520789357715848555e-01
-4.798176050029274720e-01
4.790192893315039502e-01
3.391939957637782332e-01
-1.640752601113055764e-01
-3.963635846071599800e-01
8.158911947888451699e-02
-7.656841882719607195e-01
3.174612922096590739e-01
-8.437683272161440318e-01
1.897196823393981213e-01
3.520858632509885067e-02
-5.592293096471020325e-02
1.887246759984412547e-01
8.084104340397926802e-03
1.635142113195688363e-01
1.580721599919500953e-01
-2.979816043842573592e-01
-1.221686617792582495e-02
8.747867336350703127e-01
-9.149872370471856531e-01
-6.625069880087636198e-02
-1.000000000000000000e+00
1.521287959209317586e-01
-1.665264635971043863e-02
-8.666305820810459304e-01
-2.215741592481262068e-01
-7.087381375694282171e-02
-3.346347985242297263e-01
-7.188418138790475531e-01
2.099443513022569707e-01
-4.317109786828760565e-01
-1.439500177279972037e-01
4.031900240064630048e-02
-9.726370563432927829e-01
1.992859344922174869e-01
-1.672911621955430472e-01
2.517473531807122300e-01
-2.870610095299181985e-01
-1.000000000000000000e+00
3.054842003027894437e-01
7.061117995881815990e-01
-7.338580723313259391e-01
3.808087819732593193e-02
-4.567528463773962710e-01
6.294404643588968895e-01
-5.180268498402597066e-01
4.614036455221460220e-01
2.865769823769689917e-01
-2.662750273223372655e-01
-7.886827463301582242e-01
-6.074200703772173471e-01
4.592143321152065139e-01
1.426287732641942640e-02
-6.389129246897026770e-02
-9.780799962809162695e-02
5.409145285688798932e-02
3.706776891831907172e-01
-3.919809492898391756e-01
6.253404397398034664e-01
9.284113328220239270e-01
-2.868401886753444430e-01
-7.616091480606572428e-02
-9.409845405632298598e-02
3.859355802913287947e-01
5.878741692745010905e-01
5.627315267865523607e-01
-1.000000000000000000e+00
-4.411874407965386546e-01
4.812035198403429304e-01
-2.361258465747722579e-01
-4.984711289083726404e-02
7.770068595403478717e-02
9.138457815353513702e-02
2.020264520931557006e-01
1.331719711547140195e-01
9.288408162149782710e-01
-7.951041004919121580e-01
2.742640211010475282e-01
-1.850814853561682238e-01
8.734747876325201776e-01
-4.962592626004181939e-01
-1.190590292015591134e-01
5.065342810564258530e-02
2.246166295549277547e-02
2.337179041564740878e-01
-2.383090003460865969e-01
6.948757115029119413e-01
-2.367475464759918047e-01
2.098088783302149152e-01
5.209469721133230813e-02
-5.288647930708846312e-01
-1.000000000000000000e+00
1.799835743970565616e-01
1.316733194870261803e-01
-6.743796140825625285e-02
-1.816087909520206212e-01
1.145437007873103957e-01
-3.552574056584278384e-01
5.886928850205096486e-01
-3.687013552614358813e-01
-1.603109006148992211e-01
7.702258189328725635e-02
2.912561965913824658e-01
-3.929573817017242288e-01
-7.619820859256897227e-01
5.200927136359490000e-01
-4.870919696090177387e-01
1.730534864226775382e-01
-8.318221098029154881e-02
2.252486181603519447e-02
-4.299294073194481758e-02
7.826295311238828933e-01
4.318659069939635720e-02
-4.953149161722147920e-01
-3.164441303513208792e-02
5.891072650547855144e-02
9.429578446821018645e-02
9.639754625967235091e-01
5.031434980328953754e-01
1.000000000000000000e+00
3.531267615365973889e-01
1.995510264876197426e-01
6.276484699236853371e-02
9.932589986212387867e-01
-8.780062888497616180e-01
2.338999844008512463e-01
2.742286772637173367e-02
-3.108748056199874821e-01
-4.262891051955385313e-01
7.670603757470157991e-01
2.840996098485484844e-02
3.820943781353152158e-01
1.242441268293681261e-01
1.000000000000000000e+00
-8.510580420057237139e-02
7.129365508682172781e-02
5.368063508283810181e-01
-6.060088750949990111e-01
2.275548129178149859e-01
4.674826961029371342e-02
-2.644785963446382726e-01
1.463220574441803368e-01
-2.815021999746997738e-01
-6.751950400951462622e-03
6.218741348581926509e-01
1.000000000000000000e+00
-3.437919340955141595e-02
4.164726586483911697e-01
8.626905944877795440e-02
4.934392070755745374e-01
4.597201486731850584e-01
1.763276626130565461e-01
-2.176273703390987357e-01
-3.825645909272477607e-01
-9.264632247097233375e-02
-2.775031946997021104e-02
5.198523355786630606e-01
-6.312387073524683423e-01
