-1.505239159134945104e-01
-2.080095866457672416e-01
-3.592505652722152165e-01
-6.544563705949572041e-01
-1.000000000000000000e+00
-3.298833534831110414e-01
8.344729616979376097e-01
1.295639266012755253e-01
2.010893653814831983e-01
1.000000000000000000e+00
2.640080097836846468e-02
-7.207145644372342508e-01
1.177551317137317810e-01
3.449840193492812457e-01
1.592570630125050152e-02
4.312604542547610054e-01
1.741564182655797322e-01
7.844403390807993537e-01
6.105081905761327032e-01
4.511802561995877370e-01
-1.822226893922610780e-01
-4.930738456521660540e-01
5.968557574498551954e-01
-1.799319717156805387e-01
2.996289660949240652e-01
-5.196591506040409980e-02
8.361827609329596234e-01
3.481713356713815322e-01
-8.885379453573275521e-01
-1.269225103445877634e-01
-5.730656681033865496e-01
-1.448842164303993929e-01
4.347448139012831669e-01
1.125455690114770396e-01
5.378539753001965185e-01
8.783528763991078903e-02
-1.000000000000000000e+00
-6.955693211123866737e-01
-4.212932596539371577e-01
-7.088891148994499458e-01
-3.366264375500729322e-01
-1.664074863674240568e-01
5.432527731100755819e-01
-7.354964139293284076e-01
-8.722545948180463471e-01
6.460282068176378401e-01
8.115145645276962139e-01
-3.357709850413604369e-01
6.883456663723724889e-01
-6.000705468462184111e-01
-1.008440352995712691e-01
4.906394728232397195e-01
1.494793925172532012e-01
-2.153884974012644782e-01
1.197880068887813010e-01
9.315799364548315031e-01
-2.544792159383699182e-01
1.298853303335830989e-01
-5.496363814535293324e-01
1.000000000000000000e+00
-5.143561641703733311e-01
-9.365339103489676853e-02
-6.936234342058649194e-01
-6.096748193271593896e-01
-7.475810804608706839e-01
-4.815529358618038380e-02
-8.537946791624378973e-01
-4.187871964789927626e-01
9.156133116558511365e-01
1.393262309968350265e-01
-3.116411016640903697e-01
-2.870148328055556197e-01
-9.020933489431800512e-01
3.449125724431142404e-01
9.908385131788718381e-01
-2.209259951566607538e-01
5.808407288270233115e-01
6.037628673278547797e-01
-4.251152943003198570e-01
-4.160562151867061575e-02
8.602863877125369596e-01
1.601796892634467853e-02
-9.304175571586297266e-01
-1.121334245420271651e-02
4.785304834071045788e-01
3.093184792158151231e-01
-8.145349796869472137e-02
9.045494606482760158e-01
6.746243938355264147e-01
-5.055917086310114661e-02
2.523373716095817648e-02
8.264667900397901223e-02
-9.719225775432970282e-01
1.516301289396561336e-01
5.009014146816279656e-01
2.359055272579745621e-01
1.227396241412021805e-01
-5.781957590023659721e-01
1.307733125409215047e-01
3.639314123374899346e-01
-3.439071034649794356e-01
5.044013935227179557e-01
-1.850660816676999165e-01
-3.293184418779756539e-01
-4.538810611634919862e-02
-3.614756753640006037e-01
7.110164153275897458e-01
7.295686480981189437e-01
-3.226538550283612750e-02
-6.806275283195529768e-01
5.429855244929404634e-02
-6.964764772549061345e-01
3.436990730674828812e-03
-3.901767249023705419e-01
-6.847951072092901548e-01
-6.747985227413187681e-02
9.247682393715687121e-01
-3.390816217935154198e-01
-1.242488618451409454e-01
6.106972755695436739e-01
-2.920865544359152466e-01
1.634208817369063871e-01
-1.000000000000000000e+00
2.362425929584096307e-01
-6.568547153290152929e-01
4.668740617346391342e-01
-8.822682289246507048e-02
-2.947825840632573718e-02
2.950630811009024024e-01
-6.364312784396475298e-01
-1.000000000000000000e+00
-4.581604250465771133e-01
3.970816290853387137e-02
-5.841724412741348960e-02
-3.481683608590687706e-01
-3.860495771684557265e-01
2.534144158411373304e-01
-1.718601295412231500e-01
-6.592253717160072579e-01
8.427087041140601809e-01
-3.859634363210356911e-01
-1.011341938599751716e-02
-3.575732533685613834e-01
1.246308490552006376e-01
-2.542995711551188642e-01
1.138120326025488516e-01
-5.562231918005301479e-01
1.000000000000000000e+00
-2.641927795710219407e-01
2.213177186845208255e-01
-4.241919340632953617e-01
-2.202579348312901919e-01
-8.812849110308429434e-01
2.462395875885807217e-01
6.591412039188465632e-01
-7.628286761308509245e-01
-2.862610266846482010e-01
-7.593066290759362125e-02
1.782655612250045596e-01
-5.249206221071874706e-02
9.567751325513271232e-02
8.091240212368662199e-01
-1.542719295665495316e-01
-2.222871414409761937e-01
-1.000000000000000000e+00
-8.162255698675986437e-01
3.245291240181005232e-01
6.369432604611315885e-01
8.266891833294653935e-01
4.171352931897608918e-01
2.287019179607964192e-01
-4.585571256883749780e-02
6.888639028934080422e-01
9.037160018593904942e-01
-1.966703291571558071e-02
1.793623871869277631e-01
-5.870929327641450923e-01
-4.221009608868716428e-02
-8.085143295662003959e-01
-8.875838419720102901e-02
6.492658567945746029e-01
6.436882753118394751e-01
4.252676427620785127e-01
4.699577473002246597e-01
4.292910306655391417e-01
-9.057023746898368310e-02
2.086915431892740480e-01
-1.510811530354087828e-01
-1.000000000000000000e+00
2.160422363586543548e-01
6.560132204763838848e-01
-1.000000000000000000e+00
3.667750744617270797e-01
1.041826082473728127e-01
1.271969231565123724e-02
-6.871738737434918143e-01
3.357234118228343833e-01
-1.361638589850030501e-01
1.212864324673115085e-01
-7.168490345788373075e-01
-1.427341145571154601e-01
-2.430249389482037614e-01
-4.029012893716017452e-01
9.981783674373533310e-01
2.551433057645782210e-01
-4.192084203993732272e-01
1.292773084456689814e-01
-2.848314316361273413e-01
-5.267534853962019259e-01
-7.053632463575658651e-01
1.578930776977873485e-01
1.000000000000000000e+00
6.449330210265508123e-01
7.032681269868888696e-02
1.994591020031482032e-01
7.361039921180820289e-02
-2.957968674197524739e-01
7.882502315295947248e-02
-9.961658156633080852e-01
-6.551498485465194754e-01
1.792662767504987764e-01
-2.196809328149377794e-01
-1.271305115301622490e-01
-8.055411804747052429e-01
-4.074699007488994384e-01
5.997662975317440415e-01
4.632944439830368188e-01
-7.204331563937681482e-01
3.584311535641258595e-01
-3.429955450193262756e-01
-2.743977880761041543e-01
-1.012055217523727679e-01
2.925989537983173516e-01
-2.405017845502528395e-01
4.487893247809858488e-02
8.621356858459032491e-02
1.034871220681951726e-01
-3.122327151401069201e-01
3.623868131907291845e-01
2.637717076238934363e-03
-2.692060177018315917e-02
-3.331928058406126159e-01
-3.886717556258694750e-01
8.397403733934176717e-01
1.786433911918758610e-01
-1.161159692680142214e-02
-4.378526096958104130e-01
-4.358162277488720204e-01
-3.345243395914804796e-01
-7.182554442713873222e-01
-8.308464114672494683e-01
-1.646543658485712103e-01
-3.472505222046139428e-01
9.000423427793190490e-01
6.283112295273306502e-01
-9.770180639105299214e-01
1.694460587919379702e-01
2.939757705270508170e-01
-3.386336657473091316e-01
-7.374410663292169099e-01
-4.313506195228918871e-01
-6.863360775160530780e-01
1.297827102489500402e-02
2.653144878742450530e-01
-4.570676608911483640e-02
