-4.945161670860496739e-01
-8.964047807223541886e-01
4.375730003529545442e-01
2.525164150961979326e-01
2.752242397042321542e-01
9.719960883294425161e-03
2.483709394917071045e-01
-1.523358979825438775e-01
6.795958687365664108e-01
1.766850879606117475e-02
1.203201137543433857e-01
-3.663389409680048447e-01
-5.118632592809083670e-01
-5.051019736646182867e-01
-2.823615326681874760e-01
-2.091178777686758528e-01
9.541572707198355818e-01
-1.309644778371647500e-01
-1.491452940555065831e-01
5.019352264273875264e-01
-5.544675155876086642e-02
-2.263716171597043303e-01
1.183467284293195643e-01
-1.829159997093723344e-01
-1.122350967233412544e-01
-6.988377398667831031e-01
8.689692485749843653e-01
-1.545950608740303545e-01
-6.905691684030447197e-01
5.503487987573800755e-01
1.148692545564541923e-01
-1.831513098698695635e-02
-7.086506688933277287e-01
-5.781437498697119537e-01
5.497897360823708057e-01
7.788285179501062139e-01
-1.249013187451878393e-01
-3.251187839056045581e-01
1.017514863161224185e-02
6.282282243618180217e-01
4.000554393510544204e-01
3.198772818309550958e-01
-5.427641393630907585e-01
-9.338316891108391360e-01
-3.803267623722489388e-01
7.825153088184537697e-01
-1.928117008834644153e-01
6.113032147339944600e-02
3.550215444563520339e-01
-3.934764336642559424e-01
1.345188077576033314e-01
8.431383960667768185e-02
1.596807712873752824e-02
-2.472010227850434533e-02
-3.780842859073292872e-01
-5.485828682104235132e-02
-2.981291992427008708e-01
6.727061642975025180e-01
-8.361041698414276579e-01
8.868654049364747827e-02
-3.264732302529930741e-01
9.347749385544734668e-01
-8.267680014172380798e-02
-3.064581416801692160e-01
-2.837760813011999117e-01
-3.043368452693882148e-02
1.509822058909999209e-01
-2.634118815581158457e-01
3.000718817432096452e-01
2.376030152668638373e-01
1.685486507304922166e-01
1.154450688139787573e-01
2.202678303578953223e-01
-6.972077304983383128e-02
-6.312040808777887035e-02
2.208575173850289008e-01
-3.092442248301421337e-01
-1.998293069032946734e-01
1.115985323824645326e-01
9.117575431825104826e-02
4.288702063960448951e-01
-2.933370832694653929e-01
-1.000000000000000000e+00
-2.186831148132918345e-01
-4.229252449599344432e-01
4.755722867077994409e-01
-1.469859182042931867e-02
8.449947918114092404e-02
-5.379761408962082658e-01
9.294796793837836191e-01
2.651669874455798714e-01
-2.432573443247259826e-01
1.500502102312282759e-01
2.266553958630057874e-01
-5.249154229497494661e-01
-2.295412812072187281e-01
1.106249572470244663e-01
-8.605792182588739569e-01
-1.905325616013114343e-01
3.422750613073626824e-01
-6.046011598413963961e-01
-4.899597157290475069e-02
2.362185377392738150e-01
3.469359048566443837e-01
5.942852201369341891e-01
2.058145887785771955e-01
1.557634537613388631e-02
-2.951138829722825263e-01
1.687390022411757937e-02
-4.539848533356518612e-01
3.440781708482100187e-01
-2.576285480711544840e-01
3.013922334864457819e-03
2.050989679807737609e-01
9.624380997092839285e-02
1.617548832315329754e-01
1.665629054855174984e-01
-8.304184190540797594e-01
-3.676492263564431484e-01
1.857485069507544551e-01
-6.841468289211132259e-01
1.394969706913468110e-01
-8.513664182811717662e-01
3.114118169806706082e-01
-2.767803835007717206e-01
-3.351000358849376970e-01
-8.102468201866862285e-02
-4.738160377132418777e-01
6.100855485528728916e-01
3.865938519904336679e-01
-1.559633583682087377e-01
-3.952224678950022052e-01
1.394227972014420169e-01
-3.197494829843064434e-01
-2.225341479478771534e-01
1.487097904531301251e-01
1.724398229981610187e-01
2.409734612227259209e-01
5.224540476150913992e-01
6.606510573073262060e-01
-4.382614496248909974e-01
-2.208382124254736345e-01
1.362706999410408237e-01
4.774840028191207897e-01
3.773982947912355584e-02
3.298180528829495334e-02
5.425260452318538817e-01
9.125398060000462497e-01
-1.047771823115900280e-01
1.815009680843609752e-01
2.439250010975396177e-01
-6.260216708693637777e-01
-5.770535393670593871e-01
2.621300305222287186e-01
-4.958454893413863362e-01
-1.185373928037784380e-01
1.988845883632366918e-01
-2.355976034477856862e-01
-5.035717989469492561e-01
-6.236554835557540644e-01
9.123017303022794566e-01
9.004970776933460264e-02
2.677411946155440758e-01
9.112025273965143057e-01
-5.001654490287591459e-01
-4.435954041947414717e-01
-1.233887200238747636e-02
-4.175673236915948272e-01
1.695060794776376625e-02
-5.681482279230850585e-01
3.729569520812270889e-01
-7.359656596825565888e-02
2.472033730139415464e-01
6.798660969230899132e-02
5.057670817886928960e-01
1.191990061201278761e-01
1.789077911588091985e-01
2.174440597284755250e-01
-3.941669617779529622e-01
-2.488990868029664072e-01
-6.094543406548830894e-02
3.928635592827876832e-03
-1.506170663940238630e-01
1.009044234269319273e-01
-2.335346786914864192e-01
-2.513892762247517121e-01
-2.136767653730446692e-01
-8.777347428447708211e-01
1.866457839299255350e-01
3.773629599961754733e-01
-1.388140599186878932e-01
-9.486965345126635585e-01
-4.989049059159880728e-01
5.289691366634408087e-01
2.623036029295933158e-01
4.391582264763335131e-01
-6.820237846904351198e-01
-8.339766039147966659e-02
-2.083242444031279117e-01
-4.729817579459927868e-01
-1.446786496093031837e-01
7.668488797986815486e-01
1.699072335788552879e-01
-7.472937755741274612e-01
-2.249053163247914933e-01
9.321010261213916182e-02
6.878605590097515154e-01
-2.908296069595177613e-01
-8.825980576281948486e-02
-1.000000000000000000e+00
-3.799188680556512265e-01
-4.733589012890824232e-01
-1.996847814058190507e-01
-2.674357853563246179e-01
-8.658662100824469077e-01
-6.836158965298981816e-01
-1.000000000000000000e+00
-2.935378367171536662e-01
3.202402265600845510e-01
3.548727742371558525e-01
-2.436229145639048077e-01
-5.348360335762551987e-01
1.000000000000000000e+00
1.260787273858770541e-01
-6.859794961122370749e-01
-3.728787826325885568e-01
-4.082227463451654770e-01
5.219874879924499833e-01
3.900791560715821671e-01
4.193221836314640072e-01
4.084811877561299598e-01
1.307245950830250025e-01
4.588426965971447169e-01
9.555878629878367114e-01
-4.432950972142076784e-01
-6.721740981772397761e-02
-5.962957111159360862e-02
-1.356577505688805196e-01
9.159618627044553013e-03
-1.968274118213986235e-03
-2.795575652886596041e-01
-1.671967186815808137e-01
2.085627994492834925e-03
2.589944787358386957e-01
-6.764911861037101182e-05
-5.296044530602184164e-02
9.721909860909043466e-02
2.746518720435939809e-01
2.000003205290146746e-01
2.408729157433592005e-01
-2.878786684901733506e-01
-2.762987380632020984e-01
3.809456898272188807e-01
-3.107285500922509769e-01
-2.581396830856177438e-01
-1.000000000000000000e+00
-2.733201385410946038e-01
-3.920128433662907197e-01
-3.081710750843647539e-01
1.601244825330201682e-01
4.110561567365947910e-01
4.390503267716944769e-01
-3.798692095369345378e-01
-1.292289953128353264e-01
-7.300067988343131309e-02
