-5.516810876666938812e-01
2.514239310372401448e-01
-4.026588638095046635e-03
3.849054287325291979e-01
-4.958947428569714933e-01
-8.252406983265332396e-01
-7.242548759129648905e-01
-6.296444027947942779e-01
-1.208708446098085698e-01
-6.726373897739743590e-01
-1.261499187652559417e-03
-3.631034368051899025e-02
-1.000000000000000000e+00
-3.604516227787352145e-01
2.795550373583279846e-01
-9.413061238628431804e-01
-1.624841657436131015e-01
1.427941923242270206e-01
3.130064553166538865e-01
4.275180766652469933e-02
3.825612067138374206e-01
-6.958342402318014042e-01
2.590145780915548146e-01
1.397788015318164045e-01
-2.211939160867328891e-01
-1.000000000000000000e+00
-1.482915210476213330e-01
3.001059289241239658e-01
-7.471621182205278044e-01
1.000000000000000000e+00
-5.565152015894220261e-01
-6.081009921022342279e-01
-2.995891348136786592e-02
1.000000000000000000e+00
-1.000000000000000000e+00
-3.135256778060463434e-01
2.750743495302973018e-01
6.362122104758441421e-02
5.343864103242885744e-01
1.098952817595457154e-01
-1.000000000000000000e+00
-3.742957388462415658e-01
6.896716456817761354e-03
-3.162555818628514509e-02
3.617283362848904699e-02
2.205497141716825649e-01
-5.243977631028590158e-01
-9.671380362585585422e-02
1.089655231528965373e-01
7.800688883126918882e-02
-7.995833122249927927e-01
5.378236118151157319e-01
-2.881788289006919079e-01
-3.787375737197824083e-02
-1.029294415543480501e-01
1.000000000000000000e+00
5.581876556824127977e-01
4.707431111203450036e-01
1.297225746935528612e-01
-4.987791341737755069e-01
5.152616666307581195e-01
-2.346952489809286946e-01
1.855744812753532674e-02
1.000000000000000000e+00
2.993246614100851799e-01
-3.535544206664348876e-01
-7.597344543286775609e-02
3.982680726349593359e-01
3.484618489773906869e-01
-1.311347389893028348e-01
-4.532802167699407914e-01
-5.113382877973764451e-01
-4.749396941300290664e-01
-1.042764197781778368e-01
7.185571598281975669e-02
-1.012147900109537368e-01
-1.877433732651685033e-02
-4.252640917760818207e-01
-3.126547302968158415e-01
-9.529186311574684431e-01
1.821765420771001009e-01
-5.527383283912368217e-01
-3.437693005528917878e-01
-3.854517696389964110e-01
3.502290407879586898e-01
1.000000000000000000e+00
-3.587940397291043970e-01
3.613812465438607235e-01
3.171218228544537832e-01
-2.652322233459893375e-01
-1.630011596212728731e-01
-7.902519460700113685e-01
5.745655977241079237e-02
9.776793934472929881e-02
7.327373614020418757e-02
3.616876472254269836e-02
6.111287020231357392e-01
1.987683093404666868e-01
2.129858627415249228e-01
2.627505030051125456e-01
4.666917222168820434e-01
7.032050820278540337e-02
4.103114889725459902e-01
3.036661678346541104e-01
2.809583070840038221e-01
3.232510300772910572e-01
2.788331465504022277e-03
3.388714735466181183e-01
9.266046786643028499e-03
-3.573130368729885431e-01
1.873176313583687636e-01
-2.455712819995833907e-04
7.041000767419137718e-01
2.951594499670568417e-01
-3.036439070874525359e-01
-3.159030654939325444e-01
5.415975706788219712e-01
5.812561492600388791e-01
-2.241771643945355830e-01
1.670856100981191750e-01
-3.405996446410421152e-02
5.543139260136109581e-01
-2.452662249450854315e-02
5.375159620615910239e-01
-8.332274563827988256e-01
4.870371004157472705e-01
-1.762175287013247882e-01
-2.752853579876948786e-01
8.065758350008855881e-02
-2.878181163018093680e-01
-5.965233644964044318e-02
-1.854846250903917637e-01
6.097032657448205051e-02
-2.040455306630069854e-01
8.803625654797092581e-01
4.768384827719137631e-01
-8.935663739897656832e-01
-2.127393891897156331e-01
3.848550220932520638e-01
4.017271580399326969e-01
1.754762706745533474e-01
3.231503182283497755e-01
3.578738310075846862e-01
8.513007401624182735e-02
3.388755852144321734e-01
-2.151897948291514040e-01
-9.373626948618866972e-03
-2.862923619283817001e-01
9.801538510788775083e-02
-4.028180204108415263e-01
-1.641668314947267171e-01
-1.347522240195593302e-01
7.827516510393185412e-01
1.431767295145081054e-01
-1.000000000000000000e+00
-1.288282102405065022e-01
-4.548688136050272890e-01
2.888832583294185796e-01
-1.511495621843252091e-02
4.445486246302277067e-02
8.171112696187272928e-02
1.580696337967752996e-01
-3.852621061766868804e-01
5.627072682437151974e-01
2.673298492872040466e-01
2.605660907791214620e-01
1.884211669884662543e-02
3.751633958645792521e-01
7.631261164888467063e-02
2.555184973091908507e-01
8.307706202846847077e-02
-4.091653443973665150e-01
3.791635089949760284e-02
4.258226584579083429e-01
4.939788017826269306e-01
-4.009207954391308948e-01
-2.951327924535503133e-02
4.038187476422047117e-01
-2.847789819864240402e-01
-5.535835601266154704e-01
-3.231731623221593130e-01
3.080912691745050225e-01
-3.940989080466581473e-01
-3.174182918755978910e-01
5.866680414030892576e-01
-4.896925713952497983e-01
2.733329507642126011e-01
-1.000000000000000000e+00
-1.810671631548515029e-02
4.845353260176186172e-01
9.118677175208150798e-02
2.529517556392537614e-01
2.711965675848577728e-01
-5.345261039243902612e-01
-5.692315573171212451e-02
4.661929520160399548e-02
-4.313046382176282112e-01
-6.131049340706272721e-01
3.296123459762495544e-02
-2.276004741511285234e-02
-3.885881244257711198e-01
-7.819519240398580262e-01
3.003232435735861405e-01
-7.803906722846298653e-03
1.643131007607018523e-01
-8.728659557905663058e-02
-6.919451599989405732e-01
-1.000000000000000000e+00
-1.649721784428218319e-01
-3.285147389636576820e-01
3.971055660445898527e-01
-2.767071998920617171e-02
3.198359773204527690e-01
-4.793695941782138981e-04
5.587770550992284813e-01
-2.610401488502970060e-02
4.109490237302580729e-02
2.586007976621095827e-01
-5.960738585762641595e-01
1.101528752312814496e-01
1.047342031332417350e-01
-6.552975274193884037e-01
5.844044679931142960e-01
8.189691368339165056e-02
8.108467348793466645e-01
-8.886214194861532523e-01
3.620401529555391518e-01
3.085098242756403319e-01
-4.199770272377603697e-01
3.584340587368352038e-01
4.218845949080637925e-02
7.914785678993652152e-02
3.340362323386762700e-02
6.371876547195195473e-01
-5.497985677896092271e-01
-1.970583171723206128e-01
7.666044104277379700e-01
-8.380219167336602770e-02
-4.826662203787986105e-02
3.828340240837531661e-01
-7.484274763561362676e-01
2.632209538346130251e-01
6.080422273004371103e-02
-3.419914343933873613e-01
-2.692734745675400693e-02
-3.368997884383399533e-01
-5.043408194904522857e-01
4.784464788351344700e-01
2.672232857831732256e-01
4.118865290260451673e-01
-6.127734933267084960e-01
9.285510298029342469e-02
-3.668733358776372078e-01
1.558377507311017873e-01
-2.661697751371422394e-01
-2.023284784789572965e-01
5.039441001075133375e-01
4.064483761074974000e-01
3.795865798746989594e-01
-3.384090162257816226e-01
1.000000000000000000e+00
1.072423489789920692e-01
7.841591426571642431e-02
-8.008610536868312479e-01
-1.468856898703595204e-01
