2.311751299093781908e-01
3.084647119909029178e-01
-1.284768927579391651e-01
-3.530541292343212789e-01
-4.930662907478355200e-02
2.193286403583996069e-01
-2.594438059553607623e-01
-5.442466433816189886e-01
-2.933742820143611651e-01
2.907904760179995662e-01
6.043232702200322937e-01
-3.862543698619599897e-01
1.151971390709469537e-02
-3.019076514662746291e-01
-8.376834563375142872e-01
6.931145232823804347e-01
5.659795266655102269e-02
4.644634026940996918e-01
-3.870188389264416773e-01
-1.972992366064477698e-01
-4.202839819617987249e-01
-4.287131207906999530e-01
-4.030876831138849314e-02
-2.729554219548420424e-02
-1.539379888667442298e-01
6.454097761282591161e-01
-1.000000000000000000e+00
-2.898642471924309794e-01
2.024402117480379737e-01
-5.526212287186452188e-02
6.051607241579509688e-01
-9.496718953456882995e-01
-4.051664245799240782e-01
-1.711996941212836146e-02
1.000000000000000000e+00
-1.125169678394096623e-01
2.280625167275234511e-01
-3.043929981357346159e-01
6.282463254799189878e-01
1.883840832197613835e-01
1.889529336345387514e-02
-4.477037531651000268e-01
-3.226459938858581844e-01
-1.000000000000000000e+00
-2.861963720210581874e-01
2.761153915580417118e-01
3.432084390601067292e-01
-3.019506317726879940e-01
-2.993348774356335285e-01
2.954058991369494791e-01
-2.550723012677035689e-02
3.511518635068189287e-01
-2.830449282951956469e-02
-2.650090608166297268e-01
-3.299808751469078816e-01
3.775614985115330891e-01
-5.494950549732684486e-01
2.736403877589380640e-01
-8.349514890539240231e-01
-2.211671599656348242e-01
2.866678237831467024e-01
5.797529059620708525e-01
-7.338148270800495809e-03
4.315746897249779224e-01
1.014261929363805131e-01
9.868106124715059213e-02
8.651800326068178615e-01
7.039306433825041065e-01
1.619868727516467211e-02
9.479972121800639417e-02
-1.653011646271740076e-01
4.317414418836201806e-01
-4.426550523281457816e-01
5.860702387256593732e-03
-3.220722366733317493e-02
-5.679017618458496314e-02
6.513247409122627229e-02
7.613257354982103653e-01
5.752980608679788554e-01
4.091747474892497016e-01
-8.419321996940619668e-01
-5.339134361941516409e-03
5.361748845952114539e-01
5.284933569597606295e-01
1.882179347912840695e-01
7.486102567479964442e-02
-9.316255413894287685e-01
1.456349802298673689e-02
3.418910801449820402e-01
1.297318104783074799e-01
-2.508080578685489281e-01
-3.963442152196176016e-01
9.755108688917825399e-02
-3.119962432873448765e-01
-5.966592415352134360e-01
-3.768880510187608834e-01
1.734095886533850439e-01
1.461178711631677118e-01
1.542115458782072346e-01
-8.129793878843878663e-02
-1.748625279842533076e-01
-2.623112866816553757e-01
-1.053732489693924579e-01
-4.657934214983308063e-01
3.621285760680261756e-01
-4.677101411015219257e-01
1.887214100783206061e-01
-1.928915498164303632e-01
8.489257093778161956e-01
-1.425069432864934926e-01
-3.126859910427332023e-01
3.484160616692979495e-01
3.023899309326976703e-01
-1.981548475621442984e-01
-3.347503804321667609e-01
-5.303306070870386080e-01
-4.921781006141305870e-01
3.155247934775801677e-01
-2.757856109861108185e-01
-1.362068174528888176e-01
-4.841839997064428802e-02
7.437535765745278971e-02
2.910532264711856304e-02
9.199154193421818504e-02
-3.866648250971203848e-02
-1.417962407942822134e-01
-5.464061048295429934e-01
1.932921543371796946e-01
-6.432253411733571680e-01
-3.208155596192505676e-01
2.904682064077482861e-01
5.816862190686646061e-02
9.370205194293078632e-01
-1.478413252478828488e-01
5.196285117352748006e-01
2.822371203359049785e-01
-3.399765165674719647e-01
-2.181675503985604503e-01
-2.766018008654717586e-01
-3.964528168919564943e-01
1.023022622536809006e-01
7.916632572711812532e-01
-5.309255401921088302e-02
2.146467118903724602e-01
2.220730693850901938e-01
2.311975620216557281e-01
7.341961159933509118e-02
-6.894464371178161688e-01
1.888436679651825378e-01
-4.522187052305191579e-01
1.351365957926329298e-01
-4.957045646399853567e-01
-1.591924029311841682e-01
4.410825162813736267e-02
1.812834640156441302e-01
-4.079557881851039181e-01
-1.000000000000000000e+00
-1.117030526365649090e-01
1.676924059561888114e-01
4.640534021231510486e-01
3.575345846535582517e-02
1.104194880862694600e-01
-5.072434763324349394e-01
-8.390220919647346509e-01
-2.012872641870168955e-01
-1.051661762817554246e-01
2.649490966551635296e-01
-3.506868593374274368e-01
-3.744943690264485037e-01
2.218239359181083670e-01
-1.594730929738066849e-02
3.904789612497265860e-01
4.792493294956323147e-01
3.068825512305357606e-01
-6.409311354187796628e-01
2.029237255718632782e-01
3.216883365225264857e-02
5.446283932846821552e-01
2.652798197384696466e-01
-1.163109782016774757e-01
-3.602971212247610411e-02
6.204350675333927256e-01
-1.072048901777313962e-01
3.286583584836219596e-01
-2.599697809476225197e-01
-9.707200171463845617e-01
6.410846889262475368e-02
-8.971371512672714488e-01
-4.089977188899659444e-01
-2.388619623941231618e-01
-1.106159908102933992e-01
1.778806344192312983e-01
-3.576032596930653340e-02
-7.459398492172768513e-01
-1.000000000000000000e+00
1.493667190150899104e-01
-1.749397916251833329e-01
3.651572777176395057e-01
-1.672094936905338391e-01
-7.575258212327902474e-02
6.365418777574134712e-02
5.270287600313219856e-02
-5.677789489038581605e-02
-5.516358983192956034e-01
1.491444310144691698e-01
1.614650999618975624e-01
-1.457508467331504465e-01
-7.221088273292913806e-02
3.331545400652385358e-01
-3.221233541768380726e-01
2.398734822630304298e-01
5.413708788943644157e-01
-1.599405589843714004e-01
-1.471155212967944492e-01
-1.155097484211189685e-01
-8.602045684589239294e-02
2.642590988301243837e-01
5.559030484867415467e-01
-2.725019670365565472e-01
-1.624349798330612382e-01
-2.186667234322015874e-01
-5.480676353852987903e-01
4.367289876980349761e-01
8.990455395902210989e-02
-1.015500360913503264e-01
8.546197313413765595e-03
1.211027555770234354e-01
7.363841625280602710e-01
-2.489687027402371911e-01
-1.916874765797758895e-01
8.446674310034829603e-02
-2.716397333527514890e-01
3.974074920463269711e-01
-3.788769350804426783e-01
-2.139013509921439404e-01
4.766964051881231179e-01
5.658325323530873606e-03
1.097830510115670177e-01
-4.987068876921063598e-01
-4.976704854913952536e-01
-3.097279103366236130e-01
-1.868809666489877341e-01
9.622882509941849127e-01
-4.597600325179876379e-01
4.098300803249674273e-02
-3.434725282223303755e-01
1.154630975380732802e-03
3.197302057164163602e-01
-2.157139294348545677e-01
5.478320889541208327e-01
-1.101721684726302969e-01
1.738635512361935698e-01
6.129585290920565033e-01
2.691457842156872449e-01
-4.006073694766296156e-01
2.195584527892644744e-01
-7.490924250256181249e-02
-2.871268775975663878e-01
-4.920116850721468760e-01
6.902542784058615655e-02
-2.591949600648673080e-01
-3.130820428981354597e-01
2.221026208263822133e-01
1.785505177021590173e-01
-6.352593118914583170e-02
