-4.842580053250812311e-01
-1.544530300759342778e-01
-1.000000000000000000e+00
-4.862676987894113401e-01
4.351331731126541480e-01
1.804865746776929125e-02
5.320279859115083498e-01
-1.365188776851603558e-01
-2.608998287653622669e-02
7.474956011043457638e-01
-3.216946921017479477e-01
3.510198662573574824e-01
6.739544103435359812e-01
-4.976397691897324616e-02
2.328598026054784220e-01
3.108510738214917968e-01
7.101784134042470331e-01
-1.676241059431782809e-01
6.619717042874637691e-01
-4.837534174357372568e-02
5.298295664115512116e-01
-1.000000000000000000e+00
6.806312477997188415e-01
1.873039021380148716e-01
1.558616820230365463e-01
-4.491846863744161089e-01
4.205737680471922924e-02
2.872302863238335724e-01
-1.295636414958865890e-01
5.541610871497510971e-01
-2.908479084225602529e-01
4.274607419926634844e-01
-7.778206666148407278e-01
-1.773350003499174210e-01
3.606550652035368509e-01
1.000000000000000000e+00
2.255178683900979988e-02
4.808471039259605839e-01
-1.023946499095762519e-04
-7.747932678028635056e-01
-5.400215035211257675e-01
4.254371589204481580e-02
-3.733750551639269943e-01
4.665937226174503294e-02
-6.025138594619015020e-01
-4.311832610306273184e-01
5.668615684041909963e-01
2.816947379377106042e-01
1.826925416636355215e-01
-7.735262304503567887e-02
-7.245938952529324961e-01
-1.556201402745145679e-01
-1.945965552252493236e-02
-1.075924181755249648e-01
4.743431618506205316e-01
1.810494911975064902e-01
-6.044247511588867194e-01
2.559555171785555250e-01
4.620596155739972177e-01
-1.551291139755228421e-01
6.911472100558120335e-01
6.981263472160330330e-02
-2.259125481497856747e-01
-5.184589823543245268e-02
2.984609929754080682e-01
-8.974693950597398273e-02
-2.692543481243604431e-01
-5.596743812602695822e-01
1.000000000000000000e+00
2.584603690678117793e-01
4.723000868882746284e-01
3.777370145757318332e-01
1.436219018925668223e-01
3.188948436126888275e-01
3.824571088071536673e-01
2.114854454787454541e-01
7.542687444701856592e-01
3.277925165649674399e-01
4.335895638575238964e-01
1.832290613983852678e-01
7.036722660251764072e-01
7.215409773222860590e-01
-8.755243705760858142e-02
2.653211338396433971e-01
-1.553181922879035004e-01
9.284954390695557280e-02
1.319832469433067645e-01
-2.360123785258828877e-01
-7.801678456356800906e-01
-3.282110027512815664e-01
-6.338077927684838964e-02
7.461440037100107725e-01
-4.655632435350297027e-01
-1.339869242202948452e-01
-1.873920012006771996e-01
-1.006048898095199540e-01
4.915748048710342211e-01
-1.538242211098286016e-01
2.559473577072928219e-01
-3.511747277836084757e-01
-3.671076173625124617e-01
4.405562358964449504e-02
4.928962367625765451e-01
-2.569478734090118177e-01
-5.350239035550928834e-01
3.475128425579439573e-01
-6.739303566183142413e-01
1.823824981119453736e-01
-3.585112153892325848e-01
-5.570414428186285516e-01
2.278059559175069360e-01
-2.481230745666445359e-01
-7.655435679179216635e-01
4.547833111465689193e-02
4.995845548459481034e-01
1.284833582366418092e-03
1.949092197051340847e-01
7.734071440298892486e-02
-7.287438977036096999e-01
-4.501193062259825073e-01
1.041690867841188473e-01
2.662383177771752152e-01
6.220167017995591463e-01
-9.853908112873030478e-02
-2.274744506487468843e-01
-6.395533016906089774e-01
-1.667045851718732541e-01
2.406158951337443452e-02
5.057167571387093108e-02
1.339151076634564896e-01
7.583257058005492268e-02
9.329487776118831899e-02
6.675720565968630282e-01
-1.000000000000000000e+00
1.378583342050526683e-01
-5.592648679495196978e-02
-1.083935970526731102e-01
2.275666707568556046e-01
3.542642165010457395e-02
1.000000000000000000e+00
7.872391111094987348e-01
-3.892951371854295184e-01
-5.003234816410915275e-01
3.779288503490290108e-01
-3.665469658512897633e-01
-2.843228859252670548e-01
1.204107519283521832e-01
4.336100060643567899e-01
-5.105132864233716816e-01
-1.217200609860312061e-01
3.787638079122898627e-01
4.311528558726596128e-01
-1.528151389564970652e-01
-2.765177323502595041e-01
-6.270692902545295100e-01
4.076895207022601109e-01
5.044743116602261601e-01
-1.335260749273275704e-01
9.126142356296340630e-02
-2.621523031037964468e-03
1.891398218732635306e-01
4.376294499436412799e-01
5.396809401758775326e-01
4.409268622867213994e-01
-4.766004710650637577e-01
-1.436068486590279247e-01
2.281381843601558712e-01
-3.536359853041314699e-02
-3.694746668132524170e-01
-4.721373885355744093e-01
1.545741371554868182e-01
2.313591225877004720e-01
-1.030734633144742285e-01
-2.707787246837555784e-01
-6.402230904005152823e-01
-2.619949656594676712e-01
3.691954096990047313e-02
2.607078627758551703e-01
3.958937570184274946e-01
-3.835774812815649359e-01
-5.748502623255368205e-01
1.745901440456594234e-01
3.697975977088896471e-01
-3.217409570008373243e-01
2.777483517273146019e-01
1.334932767890171790e-01
3.336009533336926070e-01
2.553156932833158810e-03
3.586842240639478985e-02
2.304093293166932788e-01
4.259456598004981442e-01
9.500446523327376047e-01
1.000000000000000000e+00
-2.593629790729287121e-01
1.812018651550557635e-01
-9.701251970869109731e-02
1.000000000000000000e+00
2.282669363534909346e-01
7.589723303340318861e-01
-2.321684684970606871e-01
5.007630909517261086e-01
1.000000000000000000e+00
8.757973755893662393e-02
-9.676724885505028073e-01
-4.123539063179034181e-01
-4.859542675469879502e-01
-7.830425267723233329e-01
3.690083974603590722e-01
4.160376031815346543e-01
-9.540905155131970683e-02
4.437616404046931806e-01
6.521846148928331921e-01
3.002097549075044003e-01
-3.607570806580792100e-01
8.566178852701938906e-02
4.715240189772567647e-01
-3.338942896863476145e-02
4.382647808642636811e-01
-1.177448727182960897e-01
-4.615660105672883540e-01
1.494562813927002576e-01
2.300778569980244659e-01
-4.144888047144345000e-01
5.294985044198530222e-01
-1.379212891897211302e-01
7.630378595723349977e-02
-3.220182876571413555e-01
2.482762248984423936e-01
-3.072212448394873174e-01
-6.933146987926961380e-01
-5.361059235734602080e-01
8.342731010893266186e-01
3.082110761159627399e-02
-2.409805014766371600e-01
-4.443918419659466101e-01
-2.260038553877406209e-01
4.296281720322018827e-01
4.019635623710987593e-01
6.478376829768688339e-01
4.428389998047317921e-01
-3.331864459579055859e-01
9.929907818677453923e-02
2.563035763149141277e-01
3.046829147026506868e-01
-4.231778714504828565e-01
-6.222949025154698166e-01
1.725547863036490659e-01
6.693313796552109451e-01
-1.708620689316391050e-01
2.662899215857732482e-01
-5.717924909662578520e-02
5.321199205260368492e-02
6.033867307839968497e-01
2.422396312303667087e-01
2.220047069375968851e-01
-6.943146346858507234e-02
6.498728088978950046e-02
4.431433797081402171e-02
4.079448874035879746e-01
-4.009804525452143054e-01
-6.060273255118112101e-03
5.272634923731116530e-01
-5.669864092956332646e-01
1.000000000000000000e+00
1.913460268210337434e-02
