5.703605215965447395e-02
-5.546807701688408754e-01
1.248356167862414989e-01
-1.031847058207552292e-03
2.664859620603284018e-02
-1.010489015970784665e-01
2.929373656952317662e-01
-1.009954635309602139e-01
3.983645288849471111e-01
8.754391212524894605e-01
-1.385814189057024415e-01
1.928396280942867580e-01
-6.283702236561858889e-01
5.258269378017854656e-02
6.069855791107722776e-02
1.000000000000000000e+00
1.100912818358051742e-01
3.347654442310418754e-02
8.372859118523723332e-01
1.803008757091131564e-01
6.608382784702812041e-01
-2.033953763065496356e-01
3.320970683511474397e-01
-3.800131901617488372e-01
8.597241192715415758e-02
2.150125621438647994e-01
9.844362333637426410e-01
1.000000000000000000e+00
1.611880861480495808e-01
8.766233605275490504e-02
-9.878265810648285961e-02
4.769045323718232310e-02
1.345221990917882526e-01
-2.435262887759660072e-02
1.010512128772304841e-01
1.000000000000000000e+00
-3.760536861358731997e-01
-4.004510206212763546e-01
-3.928007978268706069e-01
-8.048987428196262284e-02
-2.432091152969015069e-01
1.923448886517625522e-01
-1.399511096616295469e-01
-1.571701893464874378e-01
1.482551125817656579e-01
3.063005350843861496e-01
-1.044449702433689481e-01
2.824700104181799287e-01
6.082610042916563042e-01
-2.772090650551108926e-01
1.374075867475079149e-01
-2.008841514976848069e-02
2.804313538549796370e-01
-4.196393174991421282e-01
2.418345299644353019e-01
4.831401940075805146e-01
5.423548663277621973e-01
7.266538849707636638e-01
-2.977130856859804275e-01
2.430763256952727935e-01
-6.784103009372914883e-01
-1.000000000000000000e+00
6.480827237764313908e-01
9.708793755243930179e-02
1.000000000000000000e+00
-2.160769573945753308e-01
1.024797178003774151e-01
3.236866482192589656e-01
1.137682757397486949e-01
-1.339062202573373384e-01
6.120150134358103011e-02
7.739496396891058783e-02
2.962051621861434003e-01
-1.077650148130890606e-01
-2.582863776393763341e-02
3.276470641307850928e-01
-5.904174185503459071e-01
-6.060230455949229267e-01
-1.861603371559465425e-01
-1.312928148266823136e-02
-3.020318739604808678e-01
1.456298319279712428e-01
-9.918663936794490377e-02
-5.044650001862856226e-02
-2.245694924944325321e-01
-3.073334771036140278e-01
3.744105252872040879e-01
1.463536377736821548e-01
9.863718648653187204e-02
5.280821563640361038e-01
-3.661253715821154442e-01
2.043948443312481808e-02
2.551936594489722099e-01
-6.523386375020753802e-02
-4.262619505799775110e-01
1.242618067657276504e-03
-2.135802005967930017e-01
-2.338036545799374033e-01
2.434309750834090513e-01
-3.523666883841588549e-01
2.339912212854742823e-01
1.517100606287384301e-01
-1.842682689081386882e-01
-3.409740531076865810e-01
-2.077555965365522617e-01
7.319017289478305655e-01
-2.482829572339720348e-01
4.478327607957286460e-01
-8.833649734458268732e-01
-5.392537528482821418e-01
-2.439702663816061268e-01
-3.128189674859707670e-02
1.238006909946136186e-01
5.866604625755045266e-02
-8.289748034199833082e-01
7.080837086763968058e-01
1.568223425006152749e-01
2.592493176885601325e-01
-6.307135888941298729e-01
-2.927791718563698131e-01
-6.718919741247001420e-01
3.027004738332359501e-01
1.439132979816528657e-01
-1.865990219191556582e-02
-1.521157296229108946e-01
-4.940702266719318447e-03
-1.249231593762545611e-01
-3.512896549254138634e-01
-9.011075876129896745e-02
1.000000000000000000e+00
-2.117273075471423280e-02
-2.110456394571896821e-01
-2.254019681559227828e-01
7.046191717451349978e-02
-5.951354095721098636e-01
1.977901726528869530e-01
1.460558056082256473e-01
-4.009139920505025434e-01
-1.509792152985442448e-02
-2.921075263086482243e-01
-6.481601707597417494e-02
8.677570182969020218e-02
9.952698669677476073e-02
2.296746604510676026e-01
-8.099545384557490513e-01
-7.843510599891166668e-02
-1.579253117383190297e-01
6.133651596146387774e-01
-5.626935687640819417e-01
5.078274130091486871e-03
-1.583788350164587744e-01
8.040676038651528579e-02
1.000000000000000000e+00
1.718028296925112330e-01
7.640414690048794588e-01
-1.760030114325401851e-01
-6.280921330380632162e-01
-4.578606833302367729e-02
-1.244751968005668452e-01
-3.619392028109410520e-01
1.709846746105786186e-01
-8.384504628743273680e-02
1.000000000000000000e+00
-9.975872751947864603e-02
1.607796502210827594e-01
-7.530145077644254670e-01
-7.234176288909224817e-02
-1.340898811868260487e-01
6.520133669285907985e-01
-1.512898894143232809e-01
2.300071913010640900e-01
3.066443604728137373e-01
-1.977892453567824393e-01
2.898667231559583501e-01
2.686727016454725780e-01
-2.422300276424856902e-01
-3.285972148347417188e-02
2.126532420768769416e-01
-2.233322780006678221e-01
1.000000000000000000e+00
3.164464065735779486e-02
-2.487904345316827304e-01
-3.059891636884793376e-01
-5.244759258689661585e-03
3.144778168125693385e-02
2.266011745176533809e-01
-6.906645980294987552e-01
6.465146050498700170e-01
-1.628420623067264594e-01
-2.955815100078660329e-01
-2.435955689277798930e-01
3.710268788807492557e-01
-1.266292184184934499e-01
-1.607534511083317796e-01
3.871296231738956956e-02
1.202174778164843555e-01
-3.900941315547150623e-01
6.715595033242638401e-01
1.337614047052755883e-01
-2.404867172030370481e-01
5.599679887910211790e-02
1.018842637926907213e-01
1.230268270431551514e-01
-2.362788051397523292e-01
6.771188563469339172e-01
3.332083618974159833e-01
-3.550337576993141120e-01
1.214795449427510943e-02
2.989875611519263732e-01
-1.000000000000000000e+00
1.871648269570143353e-01
9.703541896095010943e-02
3.636510134197136201e-01
3.562453976143372114e-01
-3.073305424292687715e-01
2.283032908036872199e-03
-5.708095762077576296e-01
4.824239409305317028e-01
-3.095714413880343296e-02
3.512769321085799923e-02
-9.015480210415218743e-01
3.362531732780471572e-01
-1.621510978515811330e-01
3.602287137606736134e-01
7.683060321752047117e-02
-6.234003368199845241e-01
-2.082821829733673691e-01
-2.297268779704617903e-01
1.107946298432578441e-01
-4.064382724540299696e-01
2.545926137059303929e-02
1.000000000000000000e+00
5.934349656685630192e-01
-1.780502476679584611e-01
-2.741982305530442088e-01
-2.722359033099689407e-01
-2.096073050195346177e-01
-1.619699693504730864e-02
-1.000000000000000000e+00
6.417941506535698726e-02
1.310565875205468855e-01
1.937354142403151236e-02
-3.853583677395669427e-02
1.890035843760261569e-01
-3.366672178536653792e-01
-2.855252296411398549e-01
-3.924445807010813747e-02
-7.765013695120861481e-01
3.362810799564673880e-01
-1.931363172100399872e-01
-4.251224264555583665e-01
-8.614239808770299822e-01
-4.663864025078180015e-02
6.828184251402587279e-02
1.478522531613077340e-01
-4.254365594422913621e-01
6.921416359667851292e-01
4.805653858985743654e-02
4.542821870024367215e-01
-1.998130182729109319e-02
-3.208144896427133491e-02
-1.134998975995409609e-01
-1.934778316527380748e-01
-7.615892435097585400e-01
4.489647007937049294e-01
