3.738745779912931444e-01
-1.917725517452528450e-01
1.243103518085970048e-02
-2.485909371768648540e-03
-2.933582004409158728e-01
1.573855048582720184e-01
-1.374161550374152774e-01
-9.270378760650514749e-02
-1.790674522709539418e-01
-7.346457946816076223e-01
-1.848429860521051959e-01
2.542736067999543104e-02
-8.777151858913350563e-03
-2.049573905702513077e-01
-3.265822938045377377e-01
-6.545431304167659281e-02
2.215648987684963322e-01
-2.290254037802114118e-01
4.691134592560829430e-01
1.737941740806100976e-01
1.081129416385417374e-01
3.173293544800124266e-01
-1.060480271951126929e-01
1.414777894346053166e-01
1.396576675401255824e-02
2.770076895104909842e-01
-3.401212520981559684e-01
-1.813380142919093080e-02
1.110453457680318778e-01
2.495748496584982989e-01
1.994718048725329651e-01
4.951859432826940521e-01
2.125090856096977787e-01
-1.359883780431934280e-02
5.196549002835814113e-01
-5.180865259303828463e-01
4.806452748138949627e-01
1.945392178772604452e-01
3.096694997102319435e-01
-6.605160797511791526e-02
-3.696061510347917189e-01
-2.653313585460587154e-01
1.393730865822107867e-01
-1.960196364633710331e-01
-1.496505344216394473e-01
2.346286995528578112e-01
4.158634709982403921e-01
2.743355801964066920e-01
-1.391512850341333762e-01
3.791459906628844023e-02
2.736311856940419618e-02
1.618297689101205056e-02
-1.788844643449600258e-01
2.024760412473328164e-01
2.343297029452904023e-01
-3.559612985966554288e-01
-2.607976833312964926e-01
1.659123778815638217e-01
-5.522605889325115092e-01
4.378805580131121533e-01
-1.497822036955291924e-01
2.996081555393707019e-01
3.838589825723324189e-01
2.192802950628423286e-01
4.707560843874717404e-01
1.688393891436749950e-01
7.656661445578322178e-02
3.628301043780820523e-01
6.468847254758494092e-01
1.745294312702947437e-01
-3.982341713358764634e-01
-6.847129197797149902e-02
-1.520282173271280124e-01
-2.572562909795576558e-01
-1.137029734074656434e-02
-1.399020170719465495e-01
8.113812492766763196e-01
-2.419922079939801907e-01
4.048386814918489840e-01
2.527794075631684678e-01
4.033372887396870499e-01
3.360820214008496398e-01
-5.652733333909637503e-02
-1.915468110285528103e-01
2.363296625210503932e-01
1.804893988765740934e-02
-9.943114569046436202e-01
-4.600394722495044220e-01
-7.044467229723081481e-01
8.360550855967798789e-01
1.566911450890714486e-01
4.351513705963003936e-02
-4.798422656180111878e-01
-1.759724065103971391e-01
-4.560444306452909324e-01
-1.000000000000000000e+00
-2.703149794447011756e-01
5.888800545446033485e-01
-9.150117324947334985e-02
2.446568944994152728e-02
9.118647665595844276e-02
7.423382821423654132e-01
-4.550907772273011902e-04
-4.039317177489514799e-01
1.640334019487727779e-01
4.576658065541011067e-01
3.977500330532355854e-01
3.779439306286415390e-02
-7.315895237501475190e-01
-3.032554472792149958e-01
-2.045518551040534094e-01
4.685026494040951672e-02
4.576849891170319262e-01
-2.723285069505254063e-01
3.239079756782645841e-03
-5.253260267515964532e-01
-4.684945798401261158e-02
-2.112874224788673649e-01
-1.000000000000000000e+00
-4.840491378449335302e-01
-2.320990870145495655e-01
-3.544855017796858521e-01
-5.086381571293504544e-01
3.391811608646088660e-01
-4.911419752669605177e-01
2.026041201879038023e-01
-1.111159910748723834e-01
-1.432131144991555805e-01
2.153857346076656354e-01
-4.857543429173688532e-01
2.644663534542651684e-01
5.203848468384521947e-02
2.276966444152662417e-01
6.599703999550118189e-03
-1.518672271723337242e-01
6.443896839229167339e-01
-1.272795967671919160e-01
-3.617881138895304161e-01
5.353915869651856146e-02
2.617235119737094662e-01
6.230516699752495363e-02
-3.285814232438531990e-01
-1.534963828371385397e-01
7.177732227209718818e-01
-1.052806758725851749e-01
2.475571655275529137e-01
3.846387846746650574e-01
6.885656841024333508e-01
-2.866853921345626777e-01
-6.422566395028403985e-01
1.444656895754690140e-01
1.249631546067314775e-01
1.642054002452493222e-01
2.063832462350076447e-01
1.354473164035173705e-01
-4.925011314574228027e-01
3.273360669326859096e-01
2.662068961230958930e-01
-8.706894553475270915e-02
4.290192058464920022e-02
1.499347409444792140e-02
2.231472994987630520e-01
-3.181031727556911659e-01
-4.414860936379230161e-01
-4.012160926305161635e-01
-3.856501398272749875e-02
1.825276114158826818e-02
-8.704935920617380418e-01
-2.995110559834832653e-01
1.676490848558528646e-01
5.414309784760134026e-01
-5.021288319342465112e-01
6.474347296000277918e-01
3.072584907403513865e-01
-5.054763966295685584e-01
-8.475229549259234718e-02
-1.914846091295419050e-01
-1.312953940183453627e-01
-2.995198967555037228e-01
-1.046475160105016233e-01
-3.289999913340826421e-01
-6.459287760598462214e-01
1.156661590455501099e-01
-1.000000000000000000e+00
-6.162504800763035639e-01
-1.347389211066779557e-01
-1.999627682840398601e-01
-7.170269051998880983e-01
2.520925633164957103e-01
-1.648099190139612480e-01
-7.060102960442709019e-01
1.073456102006089818e-01
3.253749802436006755e-01
1.000000000000000000e+00
-3.131013777877153514e-01
-6.013070383659342433e-01
-2.673101369397580807e-01
-3.048525190767371607e-01
3.061248343909729885e-01
-1.429406736719838755e-01
6.078332638538452154e-02
-1.453919987289898907e-01
6.027637031843742221e-01
-1.919886155265077554e-01
8.276027408545230668e-02
-1.438583518159993746e-01
9.106835844432190630e-01
-2.625919287257371670e-01
3.778858777495651688e-01
1.103995808343342377e-01
4.742758830774469470e-01
-2.594865765224537713e-01
4.379683383701984400e-01
3.171267717125574315e-01
-5.613487420493668001e-01
-3.717543133194327609e-01
4.958666363059957005e-01
-1.972457964551731224e-02
-3.420518867048073508e-01
-3.128103188361261999e-01
-7.136026610804375725e-01
-2.192041045195954885e-01
9.344972108668656019e-02
1.129886556507844475e-01
-7.079710911683315677e-01
-2.289454846767726565e-02
4.796693040153069409e-01
-3.254370337030646487e-01
5.659491171883743732e-01
-2.799860057079606515e-02
-1.048374432660734504e-02
-2.282482159481355466e-01
-3.802674059709981735e-01
-1.607469846323382467e-02
-4.357555074590786504e-01
1.262900969424731457e-01
1.873320597094789153e-01
2.146081903430919480e-01
2.392781845081780046e-01
3.192767855129307608e-01
2.786661535502784059e-01
-1.874065078192148903e-01
7.792209168447907786e-01
-3.952746715687656676e-01
-2.280874924553287220e-01
-3.171846259808366320e-01
-6.937738539547724237e-01
-4.274056858415962723e-01
5.463088875995298493e-02
-2.544697942068339103e-01
2.476669820828757973e-01
-4.320565023873725319e-01
-4.161392949173579048e-01
-2.510893634919950657e-01
2.315000295707112521e-01
3.975103973518683276e-01
-6.388496513133561372e-01
1.800638813138535910e-01
-1.205444369738538496e-01
2.794382930076969584e-01
-7.682870568213238105e-01
-3.194277715971617360e-01
-2.953849817355366780e-02
2.863183761385487136e-01
9.217718924226958599e-02
