4.620121584183479735e-01
-5.038724325088646955e-02
-1.820758288303182815e-01
9.263325141413564223e-03
3.220772366747971516e-01
-7.974767472316743877e-01
1.008515778805771784e-01
-7.993559747852536923e-02
3.585794316182031038e-01
3.099349072987398479e-01
-2.961920419138514698e-02
3.015743210874681154e-02
-6.108958134115951566e-01
5.329320934020388423e-01
7.982998373633720668e-01
9.149121780108046553e-02
2.140563241239211434e-01
-7.166274786573459954e-01
5.463879506204339931e-01
7.727035317956891802e-01
-5.071784597873645051e-02
-4.457636134300163588e-01
5.630602929655611488e-01
-1.268977758556419921e-01
-4.701961158668691576e-01
-3.999124649108520835e-01
4.519595205025771500e-01
-2.048309485075600067e-01
-4.537138090052262318e-01
-4.993877433075686878e-01
3.551952072929106530e-01
1.397836596331643033e-01
8.867114958608940389e-02
2.539023582520386624e-01
-2.554116495792108643e-01
-7.898601600230348296e-01
1.137547369633968575e-01
-1.977581776688951964e-01
-6.771326954654957597e-02
-1.355323390059049726e-01
-6.191574964751329624e-01
2.009564888387689874e-01
4.987764633697564509e-01
5.376803888209475968e-01
-3.962532372667613156e-01
7.861760941149786852e-02
-2.990245520362421749e-01
-3.841323986457647610e-01
-8.046143648928898162e-02
8.951329527524483076e-01
-2.166181894777213790e-03
-7.218837827885320468e-01
-1.464947251388866445e-02
3.986177134492820961e-01
-4.004788744647550525e-01
-1.248027324185960185e-01
4.125510720505192186e-01
1.702501386459475963e-01
1.375009126874560950e-01
3.139193815676911137e-01
9.130749528610059007e-02
-2.546432367431365473e-01
7.619125784037565907e-01
-1.122226848780340236e-01
-2.258509629933389273e-01
1.185647495643442004e-02
8.608245674392757119e-01
4.474761987260257867e-01
-9.615765250017879184e-01
8.917928552729996738e-01
-7.253611002084468795e-02
-4.397471184430089552e-01
-1.532436146205285177e-01
1.807570690977782224e-01
1.233868533241231358e-01
-1.115798954291820355e-01
7.811536305798744140e-01
-1.154727529761590127e-01
3.101511746397090930e-01
6.211005795848080213e-01
4.830328441316283361e-01
-5.403741290882735360e-01
1.299960976107955579e-01
-2.529867622397631299e-01
3.310652957096602567e-01
1.600533956404895375e-01
-1.293749732097693173e-01
-8.003052496478529898e-01
-1.238571555276728325e-01
1.992542621118037482e-01
3.262010974828527532e-01
4.134686854021397684e-01
-7.180963745961398137e-02
-3.722959227741604593e-01
1.381030063434570548e-02
-6.341440355081096047e-01
2.144266673462644907e-02
-1.336740582472404903e-01
-9.854441839874807096e-02
-3.966164776704876327e-01
1.128636451114021777e-01
-1.348061512352888569e-01
-1.925488504221864183e-01
6.082112234096336001e-02
2.133437206337043257e-01
-2.578080739102693864e-01
2.929044612014266025e-01
1.592017961961615935e-01
-1.524219204882285017e-03
-6.241911632362204948e-02
4.067823015876048665e-01
4.846284655665821645e-02
2.291858327777948623e-01
2.208637219589704437e-01
2.485079103299490944e-01
-2.076643041401221579e-01
4.217594283436063574e-01
-1.781645617722144304e-01
6.088411673106119970e-01
1.825062666804072031e-01
-5.891431417983661323e-01
-3.548231517641160515e-01
-3.916061376210759892e-01
3.696686136575457748e-01
-2.617347406054875703e-01
-1.133973266962921556e-01
2.366953476354020369e-01
1.337035117511793381e-01
1.632970531748059728e-01
-1.068743111040379168e-01
1.122143599939935399e-01
1.141968914183176531e-01
3.110751056380220425e-01
4.957452515380712521e-01
-7.524541522064073229e-01
8.051143798969484511e-01
-8.385600960610243293e-01
-7.720987380415524903e-01
3.548456597576764571e-01
4.287110528923517849e-01
-2.910627875528673525e-01
-7.857668572966869380e-01
-8.772465854730160384e-01
-2.876005005101396339e-01
-4.069552939611742470e-01
-3.926235311638447412e-01
9.303884779323610132e-01
-4.805555207721063371e-01
-1.434763208870649120e-01
-3.324278516612295675e-01
-5.934320197642286576e-01
-1.554209944848311264e-01
4.880137138274327491e-01
8.240505872588583802e-01
1.651769490991285283e-01
6.671676020426144105e-02
-5.647453088890537209e-01
-6.559420053070253998e-01
-1.388695709873039585e-01
-9.198016660149676005e-01
-8.917563066279819706e-02
6.345105728354870633e-01
-2.071453632207764239e-01
1.890625676985137060e-01
-5.101205410164455500e-01
7.172621428873102167e-02
5.774159974367394366e-01
-2.499857889746452400e-01
2.945837056282331057e-01
1.254237731168169612e-01
-6.676375074474538707e-02
6.065815980973913307e-02
3.135529006839667399e-01
-1.475621020563361863e-01
1.466007614933086678e-01
3.277640146233671281e-01
-3.806781162979949729e-01
4.519756625719782706e-02
-4.766567339243087398e-01
9.045408868667688396e-02
4.377553252838529974e-02
-1.061000782552220661e-01
2.608665206274536907e-01
-9.184540301591578859e-02
3.169417129636640795e-01
2.479509909061344552e-01
-2.606076824998267982e-01
-4.370343223089661056e-01
3.372595823803863913e-01
-1.059594253720579082e-01
-1.992184720180763258e-01
3.724021316803048653e-02
-8.445403299484143256e-01
2.845302538453453600e-01
2.515323113666311228e-01
-3.612869482524532216e-01
-1.835042083329416207e-01
2.614842759511322168e-01
-2.083461331048855891e-01
-2.232263254965594912e-01
-7.868277925829246788e-01
-6.812129035756632478e-02
-6.025624644635193539e-01
2.310792014398228289e-01
1.454456364654505285e-01
5.524855330523743557e-01
-6.926300778499617783e-01
-2.368086436255678606e-01
6.406525955639606751e-02
-1.009726411540332741e-01
1.944314814605547781e-01
2.057292438296594583e-01
-4.540597809438562948e-01
-3.534162068375737431e-01
-5.739103933075478947e-01
1.681350476665487981e-01
4.360261791270357845e-01
1.851340080840074287e-01
-6.760848053734995755e-01
-1.125145046256775250e-01
6.683334969094104627e-01
1.369555391816056067e-01
2.194638213528092574e-01
1.971854943587577624e-01
-1.000000000000000000e+00
6.799432184309222027e-01
1.114874380614932076e-01
3.004177836942880653e-01
-4.646051578214381861e-01
-2.616596336432353564e-01
-3.401010115181214988e-01
-3.841818878917547808e-01
2.670595719906180832e-01
-8.708232648505770390e-01
-2.452153474844240288e-01
-2.206712611277379388e-01
1.925590326639939065e-01
4.151384451150390564e-01
4.144733039373483807e-01
1.046528928396646407e-01
-6.233284952193476891e-02
2.837059919792742080e-02
-4.141097338354338131e-01
-3.534544126300475653e-01
-3.563526053908271374e-01
-5.484516439352528361e-03
-2.457671653545322465e-01
3.908860802325613837e-01
2.645318441728366707e-02
1.388135221612331674e-02
-1.394758698191344570e-01
-1.051130428598402444e-01
-1.602637842611466246e-01
-1.972017686680873488e-02
1.000000000000000000e+00
-3.841720122154497208e-01
1.912280786301432112e-01
-4.921129429294834184e-02
2.086961843352844737e-01
-1.000000000000000000e+00
7.186204124870566867e-02
-6.509348050178283274e-03
1.557308026643091647e-01
-2.832799951832843874e-02
-3.192417254558214124e-01
