-7.410347872150571114e-01
-9.123345385915970773e-03
-5.270628693248959884e-01
1.000000000000000000e+00
-1.000000000000000000e+00
-6.864877910465354560e-01
-8.413418591319421491e-01
-1.758738265430198899e-01
-2.838886812521610459e-01
2.409623143622760810e-01
3.926527709128941890e-01
3.529339085283184629e-01
3.126324197624331669e-01
1.429994045357398935e-01
5.198720656428992282e-01
5.382371447523923713e-01
-5.315827993735161572e-01
6.433432307025371832e-01
-1.957026143571376220e-01
-6.264473833449843987e-01
1.052141079883896907e-01
5.272355234412617886e-01
2.751090133411372429e-01
8.375986909401480496e-01
3.494108790181190694e-01
2.972139325457221481e-01
-1.903745672124105559e-01
-1.961804817969520220e-01
1.614703853384471532e-01
5.836001952933590475e-01
-2.444766120894686368e-01
-8.823724281467624220e-01
6.213295972551151625e-01
4.621702766634669390e-01
-6.677566426741750050e-01
-3.784749747202197367e-01
4.239053870033679949e-01
1.457462059830486045e-01
-5.210023512646818622e-01
-9.426820689024622002e-01
4.559907213986788554e-01
5.986018333775746658e-01
1.734114767788001443e-01
6.626930710061226248e-01
3.733848059604178982e-01
-5.039667669116785209e-01
-3.643618306298567200e-01
-7.720678400735991875e-01
2.010420240831524152e-01
-6.670728234214646779e-01
-7.496961123957286421e-01
6.599164364753633549e-01
1.000000000000000000e+00
5.492700740804907777e-01
3.605677485410721528e-01
-6.384095602761225008e-01
1.707468559814084574e-01
8.414985558391305798e-01
4.483166148232783921e-01
-8.001795110029650271e-01
-1.000000000000000000e+00
-5.938562443370501986e-01
8.825114619995592935e-02
7.414707710554137299e-02
-2.873324444857115467e-01
4.257293710764085692e-01
-2.701904288100843710e-01
7.946694115173995598e-01
8.176535186443449899e-01
2.982760997309227280e-01
-7.119619022409959808e-01
-8.935795733132857466e-01
-4.036299972607082509e-01
3.158750144685265049e-01
-9.615021240177946960e-02
8.287221036016988451e-01
-9.953607882863355627e-01
-4.675703431621358042e-01
9.051680017303542769e-01
5.654589931670729319e-01
-1.636442722450763831e-01
9.645568013075963565e-01
4.271364196050677076e-01
5.087585417876654137e-02
5.196772254867292329e-01
-5.330601068481628513e-01
2.840595965846779980e-01
5.007524503387986714e-01
-2.269359751846882975e-02
-1.000000000000000000e+00
6.297283344359728974e-02
-8.568202566871540027e-01
1.209190064688177996e-01
-9.643147526756677690e-02
7.730677862048129789e-01
5.490059059895220361e-01
-3.842940588034775284e-02
1.000000000000000000e+00
1.572268556958594521e-01
-4.940348407367639583e-01
9.576882887927159471e-01
7.585771261567206825e-01
8.707254316591134247e-02
-5.674473807135311798e-01
-1.000000000000000000e+00
-6.090970386133963688e-01
8.012326148578698959e-01
1.723692054595165613e-01
-7.621576024500082980e-01
-5.453854147834247268e-01
-3.408929939567705014e-02
-8.442246099403498683e-01
6.052335319638992850e-01
1.285449399524493663e-01
-7.321050742361994157e-01
4.986478065963584339e-01
-1.676047434085693386e-02
-5.029714529782749466e-01
-4.695654570449154797e-01
7.414795978174515412e-01
-6.601871117662105881e-01
4.285869162405610555e-01
-6.801980958119010490e-01
-1.680237766391083909e-01
-8.692402873940631158e-01
-7.554686949213773595e-01
4.397749995537325596e-01
-5.631949350830030010e-01
8.342520267762265629e-01
2.578471773298814385e-01
-2.219436197424931867e-01
3.093960171407049708e-01
3.860360856031242460e-01
-8.294642362732229657e-01
-1.000000000000000000e+00
-7.893514506509188289e-01
9.026050581068020273e-01
-1.917944190993182418e-01
7.854116576813175987e-01
-9.945354869870001724e-02
7.582904639750951414e-01
-6.615514474113192156e-01
-5.762388018486279684e-01
-7.851456742862807925e-01
6.454817408841644344e-01
7.453483727694693028e-01
-1.919263257002287448e-01
-5.288997626011384678e-01
-3.330690296855735866e-02
7.136780439030557810e-01
6.057112456606230655e-01
-1.000000000000000000e+00
2.439100284149421094e-01
-5.263494247519253516e-02
-8.354751237641641626e-02
4.384526961655302868e-01
-5.451472860513499885e-01
-8.220709445039298124e-01
-5.969093331100882027e-01
8.679277843637316359e-01
5.307330250150187334e-01
2.549561108753009009e-01
5.224739520849174257e-01
1.000000000000000000e+00
-5.567619417906826129e-01
8.865162433702979961e-01
2.480636322831105967e-01
-3.296301558447322089e-01
-1.325726945656652278e-01
6.575310853233502784e-02
-8.129286337654304528e-01
-1.000000000000000000e+00
5.422241590316896342e-01
-2.186968481593762337e-02
8.590527766546853794e-01
1.019709061543296880e-01
-8.393551678557040208e-02
6.609463140612896470e-02
5.918846903877189591e-01
-5.401242644950077221e-01
3.692123392132891646e-01
5.537903726388443415e-01
-7.392718552660072495e-01
-7.063887930105449131e-01
-9.185404569030986011e-02
-9.802709307034012109e-01
-3.331120229143225142e-01
-1.000000000000000000e+00
-3.770222471751940585e-01
-4.266749038449675901e-01
-5.164056452886472970e-01
-6.163663192907233856e-01
-9.396128732646762127e-02
3.168733356436339577e-01
-6.559457819893881325e-01
-7.723561960886942135e-01
-7.095907647330450541e-01
-6.887235924234361706e-01
1.000000000000000000e+00
3.471683970849831491e-01
8.931420785468726642e-01
2.455638112083157187e-01
-6.233138265244685117e-02
-3.296598118825168067e-01
-5.784424779516648130e-01
-2.622911439598593630e-01
2.385115193713819026e-01
2.453337544368982270e-01
3.353665662489758725e-01
5.480255669102981342e-01
-8.104766627221311470e-01
-7.185431681418572025e-02
-2.184319046282998944e-01
5.272547620650973599e-01
4.863006034625450003e-01
-3.857728768219210735e-01
-2.467591101177070145e-01
5.031302530754532265e-01
7.195321065421099727e-01
8.784975617184643815e-01
1.776549108489303697e-01
4.683333256003320288e-01
6.437688475019035517e-01
-6.099459605989634436e-01
6.208317072131457337e-01
5.689725196953151487e-01
8.534940194516923428e-01
5.918436253052208329e-01
6.772456054580224816e-01
4.743362911360939904e-01
-4.914421424160820839e-01
-1.000000000000000000e+00
4.722196616539374725e-01
-2.535846972219771844e-01
4.243115899714891004e-01
-9.003132071904479394e-01
1.393004526260971654e-01
-2.983640279673739348e-01
-6.544300852095236154e-01
1.604813449036616713e-01
-7.846994834512520389e-02
3.630892963772746618e-01
5.098107463786694105e-01
5.218454361618763970e-01
2.506312820706253081e-02
1.760913175087770177e-01
7.268696770492405479e-01
5.705189602035807273e-01
2.200184131359059769e-01
-3.152186292223216890e-01
-9.110193290035939473e-01
4.504649033182221984e-01
-7.064230136754240386e-02
-6.205368123527184032e-01
-3.687349550435836676e-01
2.781343162406344494e-01
5.816022004182491711e-01
-4.088122990776160148e-01
-7.756377648603958175e-01
6.450347674138368070e-01
-5.903123971666027758e-01
2.335696998178851680e-01
-4.997070254139810430e-01
-1.251825119012781873e-01
-7.477699321968549473e-01
