3.241385905882606666e-01
8.901652634170603706e-01
-6.403804645874734691e-02
-3.174556479643917961e-01
-1.531579501217023020e-01
1.374158376802156745e-01
4.957415941707082885e-01
4.696802155249919092e-02
-1.070231864673188843e-01
-1.563960815487935585e-01
7.349034616966831912e-02
8.048624407667158698e-01
-1.793706659142685900e-01
3.140629807198256351e-01
6.149296814478945050e-01
-6.929120906457213458e-01
-2.395674325577502040e-01
-1.506956910965963070e-01
-7.016507486830361739e-02
-1.471037004704895956e-01
2.517150596550136732e-01
-1.428675032234015818e-01
1.835769547351637221e-01
8.194700571002184741e-01
-1.349140181260211069e-01
-5.349061340437257783e-01
-1.867775718301513954e-01
1.000000000000000000e+00
4.409413939125031434e-01
-2.419337768318969850e-01
-2.208010721938720999e-01
-8.661788816739235397e-01
2.142697551194205352e-01
-1.174266099235156402e-01
-5.702334116708782652e-01
-5.490169578337755762e-01
-1.387778512264271069e-01
-1.610066685048292257e-01
-1.546436253575955155e-01
-3.207476634668176563e-01
2.286514850253001940e-02
4.151977036561567136e-01
1.849129535882442499e-01
1.511088655180684304e-01
2.973264773081027990e-01
1.000000000000000000e+00
-9.064877931243597864e-01
6.866652503725859669e-01
3.399265794739846358e-01
5.219225730270118380e-01
2.826345358434331212e-01
-5.319129844713916810e-01
2.818289376950434133e-01
-5.428000116853923807e-01
-3.313195407092730527e-01
-1.000000000000000000e+00
2.677344228485677435e-01
-6.926730052401386395e-02
2.240713250530337597e-01
-1.909871309367637549e-01
-1.254561655187098890e-01
-4.716678645774782797e-01
8.329216429224014506e-01
-8.070719887794935987e-02
1.434391666971679968e-01
-1.345720630790953054e-02
1.829564255256990180e-01
-7.329124298901507073e-02
4.337321125471460537e-01
2.643043332399931666e-02
3.649371937934725030e-01
-8.419820172346232923e-01
-8.023945388553440639e-01
-5.448954320767982612e-02
-2.570190778985142477e-01
3.394447767007355843e-01
3.539883620554078458e-01
-1.473558181365974273e-01
-3.555664320986736682e-01
-1.080144239128951744e-01
3.624658084183711160e-01
1.708908412108809532e-02
-6.242900639897395187e-01
-2.117843774141870139e-01
-7.661368562526246762e-02
-3.390986921410226729e-01
-8.386172021277150668e-01
-3.702964295874560663e-01
-6.145997722835586652e-01
2.121156902936240374e-01
2.667152103593066759e-01
-2.496538238402934151e-01
-5.723590809536673873e-01
2.627955241298845362e-02
2.550888360749539174e-01
-1.642048549631535403e-01
1.106272675010606527e-01
9.019431319884474441e-02
-8.924087072259181963e-02
-2.606853326793743403e-02
-2.899896371705680265e-01
5.235465822636301558e-01
-4.424721911037237110e-01
-2.179523755238669536e-01
2.198704900800811379e-01
2.956294450369519322e-01
3.822928985648086364e-01
3.677056324982633240e-01
-1.960982984345946145e-01
5.685223640356730501e-02
4.841197508347876988e-01
-4.388900420603861208e-01
2.473601912071310971e-01
-7.032943721330355835e-01
-8.971673659047302296e-02
1.000000000000000000e+00
-3.701947577462562644e-01
-7.349335116679694968e-02
2.972790447370152744e-01
4.037469212685536324e-02
4.508746123113213100e-01
5.505072804486839111e-01
2.159822501953239104e-01
1.323993021030008266e-01
1.730512256602805346e-02
4.053079718323895908e-01
-4.282411766401237330e-01
-3.590579496906206036e-01
-2.717307360078874412e-02
-2.116618489293615318e-02
-3.811130300193100728e-01
5.512724201225427390e-01
4.070397422446576929e-02
4.739757866195455360e-01
-1.249038214713983075e-01
6.972118442954364781e-01
1.821806070562332902e-01
7.235812106609537109e-01
-9.610518446228919487e-01
-6.282866022224998792e-01
-8.856341466460349032e-01
8.893183072016597190e-01
2.654090362215294485e-01
-5.804426714138259946e-01
4.866402865287773882e-01
-1.432610478278927291e-01
-6.026946100279311214e-01
-5.125075095289161053e-01
4.276030162830115611e-01
-2.416007579766781543e-01
1.828660622452062123e-01
-3.539473771747576186e-02
-2.468611156877848212e-01
-5.886950458555122445e-01
-2.851932102296765859e-01
9.126423204679725565e-01
-2.557712023803617174e-01
-1.064461547092067223e-01
-3.803463083615525875e-01
4.109401503910872777e-01
-2.658941846006711573e-01
-2.273113894858660167e-01
-2.136153579532312774e-01
-3.091014516051602823e-01
2.748896897073397350e-01
-2.705751095662496386e-01
1.401267247834749041e-01
-2.676718209462748410e-01
-3.126343030617186880e-01
4.428820173565455875e-01
7.366909812293638282e-01
1.028633828778733050e-01
2.583985524728865113e-01
5.511266183877048253e-01
-2.439739185424135565e-02
-3.063570193762336913e-02
2.537790346810750441e-01
-2.670141074803474845e-01
-2.684170081670881336e-01
-5.330405151341800485e-01
3.660333510832157189e-01
3.615011895857913049e-01
-1.897394353818190604e-01
2.115226814405664624e-01
-5.746738633307899025e-02
3.100817614404339229e-01
3.178051498882106252e-01
-4.265991596527778928e-01
2.073984672359634185e-01
-5.575512644900793013e-01
4.088700406626655792e-01
-7.189355222564507431e-01
-5.054475223125262096e-01
-8.916728751138709441e-01
-6.875262106394965933e-01
1.092121898266867550e-02
3.165665390213669994e-01
-5.213998142340454667e-01
-4.947485444595551285e-01
7.550811281130516139e-01
-3.272407409893857144e-01
6.114772961230896531e-01
-2.971594903018768274e-01
-4.907694040551178749e-01
-8.126493916930934702e-01
7.107226928245016229e-01
1.745352202659475327e-02
2.112387122458760369e-01
-1.125307786623031547e-01
3.796326421447137056e-01
-1.360112981754283135e-01
4.648251439557445908e-01
1.423406906046145726e-01
-2.516659497961101777e-01
4.523584201361413593e-01
3.688023784426095464e-01
-6.672383658252842853e-01
-3.720031272372054110e-03
4.488115957028322028e-03
2.814878753049172566e-01
-1.631033284477139689e-01
6.730701190428211023e-01
5.663229930270526069e-02
-2.985448229526307395e-01
-2.134485430477857382e-01
-2.797520770721050876e-01
-1.841054052513342865e-01
-2.098691199976515098e-01
-2.817052727929855171e-01
3.303597537117164418e-02
1.000000000000000000e+00
8.341662893076966512e-01
6.307761416691917700e-02
7.869209175988442495e-02
9.071525843241216025e-01
1.394502520809302037e-01
-5.169891756639205527e-01
7.127855622143534908e-02
3.113809386124566370e-02
-1.300589332555271982e-01
-4.884319414275692384e-01
6.325714407508731263e-02
8.720789850288388489e-01
4.884183293832842221e-01
-1.868532736194147836e-01
-1.081769693529577164e-01
-8.153533820295588708e-01
1.224726400590791242e-01
3.881999833270521894e-01
1.906321857754497695e-01
1.402840276184405370e-02
-6.864296751003878816e-01
-1.677923831556159262e-02
7.545257378446658114e-01
-4.977274342025208576e-01
-4.633158462880448969e-01
4.366606560664849646e-01
-5.396974573578056100e-01
-8.228413323579787386e-01
5.119359501250880795e-02
-2.408364259818182584e-01
4.780368720705028829e-01
1.087285710855285803e-01
2.327105881160907441e-01
-2.876977208680057685e-01
