9.963173152994592163e-02
2.101535072110868596e-01
-4.520155948777646593e-01
-3.147886204001315025e-01
-1.112375099505066856e-01
1.506231945452371490e-02
-5.158868170570671818e-01
-3.085372604105331429e-01
1.412245931333810101e-01
1.904568630175734745e-01
-6.108854081025818505e-01
2.035413685888828872e-01
3.651414831439041553e-01
4.672251128428717148e-01
5.698596116214232898e-01
5.341959789545595028e-01
-3.189560444236496095e-01
-3.843773605370932600e-01
2.476225176025589059e-01
-2.183882991659777950e-01
1.403185901736239138e-01
-2.926869506753476680e-01
-3.354912152329213582e-01
4.814084638245951647e-02
1.861976440947774869e-01
6.703725167310560229e-01
3.526971720464999044e-02
2.454446774610782867e-01
9.246148073551832547e-02
4.519515174446206429e-01
3.472010512312546648e-01
2.093599218609589474e-01
1.853945948112428049e-02
-3.470868762793088425e-01
3.384304434553120911e-01
1.074962034216657564e-01
-4.835401282625108044e-01
-2.608371277642850816e-01
-1.176473150133689749e-01
1.874201117678002126e-01
3.911079556775378108e-01
1.710772864829697426e-01
1.930445821622956137e-01
3.909824805214686672e-01
1.618632888537831493e-01
7.540210541121020738e-01
4.451441140072031066e-01
-2.508154727014130780e-01
-3.167300704035409531e-01
-4.584205516460337915e-01
-3.302749337863897239e-02
8.133611463903579752e-02
-5.038960890919217395e-01
-5.628803542957125927e-01
6.100255719859352943e-02
6.822145273093266349e-02
-1.966679610960503088e-01
-1.446217418357636786e-01
6.052221993411618928e-02
-2.049654585477303226e-01
1.870910953146333322e-01
4.862838975967603283e-01
-5.107464350654469798e-02
3.770003043701370404e-01
-8.165752535037137938e-03
1.774894627724668550e-01
-1.926243344821380044e-01
-3.833633366268400233e-01
-5.050876270330642015e-01
-1.522320466894059587e-01
-2.819989621958944870e-01
-1.539162529075718822e-01
5.547111167641518570e-01
-6.007911759352628500e-02
-1.255486157994437080e-02
2.925783986582463636e-01
-3.863572933330666759e-01
-3.430056499473636000e-01
3.746114906218282470e-01
8.105245101390379237e-03
-5.520892861025602505e-01
-2.411673067023389905e-01
8.709523531398782881e-02
2.854094205047533750e-01
3.512675328010497755e-02
2.451986574502912075e-01
-1.503178934199214389e-01
-3.480741906571416244e-02
8.222427438777721309e-02
6.839028540936036016e-02
-2.982793222010207690e-01
-6.611753476884043579e-01
2.190605526894283672e-01
3.708517314268829357e-01
1.637741908980477890e-01
4.990954052132973162e-02
9.334843927945309788e-03
1.269860869845796936e-01
2.323668189915207849e-01
-4.226289222238182597e-01
6.740277950348947389e-01
4.717478472892332880e-02
-1.111801069096621242e-01
-7.168517378751460001e-01
7.205284322404761910e-02
-9.165659046225273221e-02
-2.978639753106726573e-01
5.015951745041653115e-02
5.242995261365427373e-01
1.660468275758130718e-01
-3.264577468318625719e-01
1.930302004387235981e-01
-7.737171074630902479e-02
-1.062165587546765738e-01
-1.981132187523877985e-01
-1.261635385815644272e-01
3.207449417026438376e-01
-1.464290779512679719e-01
-2.269648694622759255e-01
4.491576130577376591e-02
-1.952540785830516601e-01
4.481776700874024466e-01
-5.109817740125584262e-02
-2.310551067255631752e-01
-2.518588099166145233e-01
-1.508641231732400778e-01
1.027953622908063941e-01
-3.296718889757830340e-01
-1.582517801264449187e-01
-6.320296987646775166e-01
3.096785188593076943e-01
5.849272452926549404e-01
1.083561611095484045e-01
3.522258365057743257e-01
-1.187305901532320906e-01
-2.575390911826392903e-01
1.248094966282960044e-01
8.619944330534771160e-01
6.985887055280031177e-01
-4.654997550484798463e-01
8.264257163296997444e-01
2.497176984963042634e-01
-9.717186235048087817e-02
-3.608153449863792384e-01
2.502810480240118957e-02
-1.291862232010934641e-01
-4.901659452004824419e-02
-2.763982233381078180e-01
2.945354444409700179e-01
-3.587994926920307637e-01
2.524266303028501746e-01
-1.532398910332534447e-01
-4.030041226492629969e-01
5.191021250949066079e-01
-1.000000000000000000e+00
-9.880966979470288958e-02
-5.389869097717785440e-01
5.237589687357360746e-02
2.849351330128978566e-01
-2.383219489812733044e-02
-3.728553553940365806e-01
-3.895071647796900793e-02
-1.793102860312756064e-01
3.103884898079423832e-02
1.237358045200119688e-01
-3.058227243245708604e-01
5.652701030810990124e-02
-1.238916851700113016e-02
3.124973844471956586e-01
-2.047544866706372813e-01
7.086852665795575490e-01
-1.659648495953927883e-01
1.076664961519822189e-02
-4.592331130894150015e-01
-4.744440552193935345e-01
9.040296655254384528e-02
2.649309469327455480e-01
-6.516095470768452913e-02
2.077431046004308279e-01
-5.870324338920742679e-01
1.564162002802131635e-01
3.549591234926272598e-01
1.032292188616743545e-01
-4.010298505858742035e-01
-5.273292065104646931e-02
-3.926424087855785727e-02
-5.436238495844922802e-01
-2.167484104162212266e-01
3.198860330750560865e-01
2.267806318475467098e-01
1.280849657587466162e-01
-4.652361775417844791e-01
5.183761388822547556e-01
1.179491334653664791e-01
4.208913276624769995e-01
-1.000000000000000000e+00
1.555652581879152507e-01
-3.579912909625040940e-01
4.839545530375976012e-01
2.339552725426898849e-01
1.277143214794631276e-01
3.503319345275096586e-01
1.714975167741822903e-01
-3.382605082973129673e-01
-2.354899845859506069e-01
1.000000000000000000e+00
-8.033734056628030751e-02
2.826932331647703522e-01
-4.408089950044390970e-01
2.131196888194541172e-01
4.657720600779814701e-02
-5.007086489979127863e-01
3.110006015777628807e-01
6.167207466074042799e-01
-1.410162689584139872e-01
-2.089136372653108489e-02
-4.135152508292180284e-01
-2.689152037101843473e-01
2.983078485632239540e-01
2.480745492617245918e-01
-4.791661670366241244e-01
-1.459699251607624315e-01
5.012297052459224744e-01
4.563009698073495768e-01
7.629809153684175005e-02
-4.350719683341283117e-01
6.412441065302157406e-02
-2.832255599844367699e-01
-1.455081677660949660e-02
-1.944744261917304429e-01
2.764179618594883592e-01
-4.383374639997191236e-01
5.370331897071052574e-02
-3.081219270286822964e-01
2.767349202152661475e-02
1.412760209495385610e-01
-1.617246587604463104e-01
-4.251940936635442009e-02
2.613723104581049395e-01
-4.721356002954218978e-01
-3.659401892120728861e-01
6.954359565256760245e-01
-8.319763630485030315e-02
-5.453265635104702358e-02
-3.454235544241413547e-01
-2.446804585085653183e-01
-2.101114289886062830e-02
-2.467702278076043879e-02
1.382376397712728466e-02
6.873097625854247550e-01
-5.997323248037528254e-01
-2.365037016325674812e-01
-1.360568548074500561e-01
-4.458076104898923697e-01
1.161217351174209655e-01
-1.784302904059800465e-01
-3.014378474413388354e-01
-1.718200834828644830e-01
-4.733460520324552778e-01
3.849820117877406078e-01
2.595154683857279349e-02
1.406724181430246690e-01
-3.994398542676636521e-01
4.042953470722385756e-01
-5.920011703650620571e-01
