-4.944963095333118619e-02
-2.028301305396894849e-01
1.316516726455780328e-01
-5.900997353393880873e-01
5.183119306548760186e-01
-4.881172504092635978e-02
8.251874904971966129e-02
2.237314836316054989e-01
-1.311010228661186466e-02
-6.772418447789887996e-02
-1.200336567586732933e-01
-2.577115363296983985e-01
3.805007673352606146e-01
-1.000000000000000000e+00
2.883800965578331987e-01
3.844709527150745321e-01
7.371288308661899658e-01
-1.835314121568361878e-01
-7.499558401585458833e-01
-7.213215625762663397e-01
-1.645563340261735341e-01
1.797491236122782388e-01
-2.359466086978907751e-02
-4.015593766678344778e-01
8.303004170930874395e-01
5.362344121138614556e-02
-1.261218909515714193e-03
-7.313715984513718960e-03
-3.628225837149466337e-01
4.006549462505622494e-01
1.475843638445346606e-01
3.629030652411511237e-01
6.069963285321308688e-02
-9.184199696823189818e-01
-2.395167367895491561e-01
-5.973597787312326934e-01
4.980424128678472701e-02
5.034456178466537590e-01
-1.967075686191774309e-01
9.728685133060203105e-01
2.003093842741227038e-01
-2.600763830904962576e-02
9.760525130243847824e-01
1.902027330480959288e-01
1.855512890682174953e-01
3.812729184721125320e-02
-2.403366383695466207e-02
1.386588445513066425e-01
1.472751619513686105e-01
-6.153137074026896469e-01
-7.927065408286222414e-01
2.170305337715868477e-01
-5.611928038779663286e-01
-2.092918991840952980e-01
-9.496317181450881773e-01
1.093023606290869087e-01
-6.735434972827922806e-01
1.000000000000000000e+00
1.889635587802734884e-01
3.052945660717811815e-01
-1.486296451890898110e-02
-5.120953424834617795e-01
3.890822729657077428e-01
-1.412157125390027523e-01
2.294424923722463150e-01
2.873305386833899799e-01
-1.437015315833409246e-01
-2.867078320588670737e-01
1.718881431757736389e-02
-7.016448914126942604e-01
2.087012278760120576e-01
-9.224067647123562752e-02
-3.741850245117067653e-01
3.689677573860248860e-01
4.699393745563911623e-02
6.874805535634382660e-03
-4.682015142163161170e-01
-2.458761255638759191e-01
-2.728105631558591648e-01
5.555354384461718142e-01
5.690510008696979954e-03
1.451102836450419119e-02
-5.553746899865373843e-01
-1.809422961936292193e-02
9.354895998295881254e-02
2.171810992789956762e-01
-1.329996381550950513e-02
1.718397422959531129e-01
2.448736082113089907e-01
1.051064176677037228e-02
3.504034088773823330e-02
-2.641711825926881807e-01
-3.032386964689834374e-01
-4.614659345758149317e-02
1.000000000000000000e+00
-2.403943255550425595e-01
3.214633515211997583e-01
-1.668767308784297743e-01
-3.069613527525295524e-02
2.085304069760309242e-01
-1.538683926619273390e-01
4.176817533896699103e-02
-4.460525811823157771e-01
-6.433579724195828131e-01
-3.635483940097826716e-01
-1.276031357438995595e-01
3.461896471956453225e-01
8.046303409380628491e-02
-8.947415277434327407e-01
7.635311905769180951e-01
1.000000000000000000e+00
-4.826997347570463615e-02
9.910976403293291215e-01
2.972453376711616801e-01
-5.384713605567616190e-03
-1.976364857998619828e-01
-6.050014516754028543e-02
-8.131231404440677490e-01
-5.345642105842908220e-01
2.130094486358011241e-01
-4.397550330842860122e-02
-6.090230737458360993e-02
-6.874481089334190387e-02
-1.590024959480077771e-01
-8.352678052608454584e-02
4.896636842284260438e-01
-1.731877464903767982e-01
1.000000000000000000e+00
6.542206686799368898e-01
6.106612847925760867e-01
5.036580566866303288e-01
-4.163871297801488014e-01
1.383038480317226593e-01
-3.458641413408190535e-01
2.187173400794113765e-01
-1.179591147193130574e-01
2.088503656268365372e-01
2.296144528671566487e-01
2.620280594451527278e-01
1.844498246996169148e-03
1.638280445434624755e-01
1.490336604281860544e-01
-1.272076303330552938e-01
-6.267412983339194499e-01
-6.113436081880122552e-01
-3.418780435319993538e-01
5.639706173660676836e-01
6.048917643551932066e-02
-2.028761010523548458e-01
1.919310153057472434e-01
-6.892322396936328976e-02
-4.270632409311690414e-01
-1.355117611223613516e-01
-2.237142389974916823e-01
-2.028579223207921667e-01
-2.308004015490530969e-01
4.283275582413876847e-01
5.501976964162481193e-02
1.459239968214373073e-01
-1.363916397831884120e-01
-3.243234414233928664e-01
-3.578527267401583889e-01
-9.549133867564638667e-01
-1.000000000000000000e+00
-1.262304875738730903e-01
-2.456652188319955743e-01
-4.476594377928868052e-01
2.382866362118148673e-01
-1.296654600804162394e-01
2.033833420144997850e-01
-3.131814862351383066e-01
-7.288427307104587693e-02
-8.291700152270754798e-02
1.919006882138404035e-01
-5.693007430501653698e-02
8.132611062683592351e-02
-1.399864167616036437e-01
-4.639055602850823690e-02
2.032160111321557605e-01
-4.469838519454036874e-01
9.618547388307895074e-02
-1.181254953895872900e-01
-1.063922110661985471e-01
1.729678925943797449e-02
2.092432253517647056e-01
-3.937329899868214911e-01
-1.525602377450382408e-01
-7.242700298741282239e-02
8.957131980089831635e-02
-1.772189949298977329e-01
-1.093884481558792393e-01
-3.527582918835813208e-01
-3.276273947146877974e-02
4.825007975919726189e-01
-4.153651545559001734e-01
2.887524400934815549e-01
-3.092363871130126007e-01
-1.848035150900306789e-01
-3.553671620979113877e-02
-2.118342128927772350e-01
1.407125513697360109e-01
-1.205076162076355178e-01
4.520600059886679956e-02
-1.533568078063775320e-01
9.792690702580719719e-01
-9.682414705809343491e-01
4.933792228826459625e-01
-1.014399103710385275e-01
-4.940498724846179718e-02
3.125055874502279396e-01
-4.128168960394452275e-02
2.054953446982216436e-01
1.000000000000000000e+00
5.483807484186196124e-01
5.346525543651887702e-01
-6.994112184756493544e-01
4.702567549638070887e-01
4.472634138414277594e-01
-1.730584104348968366e-01
4.682352956921516651e-01
7.097520623190456401e-02
1.029356437861859291e-01
-1.699336404468163308e-01
1.169086895642286184e-01
-4.016077826556092023e-01
4.589096744738489497e-01
2.933055385956446770e-01
6.160998260480313737e-01
-3.133911389740258735e-01
9.652428346190037312e-01
-3.515044999784046609e-01
-5.149862750319725846e-01
-8.971208668096156136e-02
1.000000000000000000e+00
3.515474234686142840e-01
-6.479211015900081250e-02
9.106921187996064315e-02
-2.778272757018021566e-01
1.407872099750988870e-01
9.767284905949266682e-02
-2.937738798884070857e-01
9.828049943426789836e-01
5.228942259900484224e-01
3.137488536643310288e-01
1.419609325801871047e-01
9.852836752900877570e-01
3.215370304626976594e-01
-4.009636623318665882e-01
1.248049154323804533e-01
2.730461014573018486e-01
-2.736444720934493868e-01
-2.463065119265558933e-01
5.478769636921680952e-01
-4.336196362551405503e-01
-9.771563516979170361e-01
-1.119274190340514702e-01
5.884809619953008941e-02
2.826995587427020840e-01
1.953574910837259648e-01
-2.687213685240451982e-02
-2.283542687374791602e-01
-2.946484548669146830e-02
-2.143041122729091516e-02
-1.831427892658715750e-01
3.728188712370386626e-01
