-2.894694848652959451e-01
9.937841550117718636e-01
-4.486446595178708585e-01
-5.708007349989752816e-02
-1.577303818214213782e-01
-3.643859899401776792e-01
4.702286691824857923e-01
6.232749243821815721e-01
3.434562405676049035e-02
-1.144150676568737729e-01
-1.162148257561805842e-01
-8.041181628836129303e-01
-1.778756340354877008e-01
1.118597282292561057e-01
4.716047678667149579e-01
1.357206979309525385e-01
1.582043172713809009e-01
-1.385527806369184489e-01
-1.216863137711391152e-01
1.254313427817561610e-01
1.782800122975853052e-01
4.482275430613954503e-01
-1.664658104676223355e-02
-6.083583654057538037e-02
5.743422519150587907e-02
-2.712566319769315615e-01
-1.804976651654698755e-02
2.255456179542337375e-02
-4.533705050226696787e-01
1.225932101083375830e-01
1.687862734129493836e-01
3.991207922811515485e-02
-6.039918228201079931e-02
3.217533313193333133e-01
-1.815861492231503893e-01
-1.839733839595573961e-02
5.039703711072492931e-01
3.411451034170138175e-01
3.582480266185839035e-02
-4.538180215212211377e-01
-1.209953776477562526e-01
4.587932321603596098e-01
2.253858466808886518e-01
-9.684294046034652714e-02
9.650439269639191076e-02
-4.756137334713449460e-01
2.830148901666784678e-01
-9.086752239917644802e-03
2.886123869101663297e-01
-2.907299311179514234e-01
2.870793495658459649e-01
-8.967154764371293441e-02
-2.780241926105257444e-01
-3.764129027913900583e-01
-9.147708954651084801e-03
-2.019251598143273485e-01
2.047838704841477009e-01
5.365577166049729785e-01
-3.174487427439657283e-01
1.000000000000000000e+00
4.279123046109219453e-01
4.384124625643099904e-01
2.502913914691753394e-01
-3.977433930985876942e-01
-3.554759495933580982e-01
-6.210216537506318968e-02
-2.041416216564469199e-01
-6.748109541959319557e-01
3.009427309657312088e-01
1.897286047877508597e-01
4.540443685596716739e-01
-6.641573920933005470e-02
4.326716623537897322e-01
3.481798116741417759e-02
-2.958859383874078430e-01
-1.541254503157147571e-01
1.000000000000000000e+00
6.569667674065566843e-01
-7.061667264873807692e-01
4.345713940084709459e-01
5.225843097047689900e-01
2.679329211886624651e-01
4.779398655092856329e-01
-5.769095854989423344e-01
3.534355266673647883e-02
4.552239736290788485e-01
-4.714129915678256788e-01
-1.330101094301104799e-02
2.083156822963508903e-01
2.069739216016719396e-01
1.781846299869219163e-01
-4.624831023285654874e-01
-7.976038303094675763e-01
-8.281352118056609091e-02
1.178362566165492842e-01
-4.086171958433876261e-01
-3.285790759719821319e-02
-1.121427620872036263e-01
-2.949832371047128587e-01
-3.863395160723799293e-01
-4.054801308616407529e-01
4.298074941963221374e-01
2.193704092555096019e-01
-2.604574770117392135e-01
1.040263687149840799e-02
5.240247295412046036e-01
-4.341389442929580733e-01
1.347198687898277791e-01
-3.877432828199787740e-01
-1.556436741406307944e-01
-1.365849015920464760e-01
1.328817606676531080e-02
1.109300294497265332e-02
-2.102635731883250036e-01
1.217033037694850856e-01
-6.603774132126275509e-01
-3.149151911678704785e-01
-6.133255479906860042e-02
-4.225345321444404778e-01
-3.526321435484850997e-01
-1.000000000000000000e+00
7.382214979978773961e-02
-1.749560339524809938e-01
-3.755146614752126188e-01
-1.882915416457098812e-01
2.299760780907303126e-01
-1.944172055357979434e-01
-4.235461301551751712e-02
-1.986667200678933487e-01
-1.502260987728296256e-02
1.520478935885249960e-01
2.077003669804856900e-01
4.337405636110991947e-01
-3.745145466474006368e-01
4.900472934787734047e-01
-6.384736366968262189e-01
1.454955060242900944e-01
-1.754235513442004013e-03
-1.197017153134365963e-01
5.040741905053449656e-01
5.299466492027598008e-01
1.000000000000000000e+00
-4.501266415360636319e-01
5.428704671264256154e-01
4.701616553246324437e-01
2.205537842385368874e-01
4.999169526762311522e-01
2.187801476012218582e-01
-1.040515687863994287e-01
1.000000000000000000e+00
9.344638422527863642e-02
-1.473282330686447872e-01
-4.735246727051278803e-02
1.172542931607099270e-01
6.088520513751306817e-02
3.295575519421052313e-01
2.452859404245892327e-01
3.398076461805039639e-01
-9.984489611937941156e-02
-1.285145028038148785e-01
-8.265556788019498557e-02
-2.908055040648592771e-01
-1.722908661073845882e-01
-3.680310780348124977e-01
2.442137057868991601e-01
8.408067680350623796e-01
-1.642079090463132718e-01
-9.427189261053925406e-02
1.991507368442094195e-01
-7.200731212802342907e-02
-4.002369501994922363e-01
-6.884751011538701171e-01
1.000000000000000000e+00
-8.630454706977228607e-01
3.049441232645552224e-01
-6.393084428883498704e-01
2.744500158454897809e-01
-6.614595940322081091e-01
-2.879291568441496030e-01
-5.130679939510435217e-01
-7.753534473630836754e-02
-1.312557339425957093e-01
3.489013972007754538e-01
2.452617271713241065e-01
3.736221415177851668e-01
1.558720417886242382e-01
-7.259244426748398538e-03
-1.033627943134027005e-01
-3.664412923104087144e-02
1.584935833466247224e-01
2.119038148789948173e-01
-2.113772779754990172e-01
3.634826735901593997e-01
6.488106183127415605e-01
1.675653744455841421e-01
2.035638940849786027e-01
-6.485073192170631717e-01
-1.286195774079549325e-01
-2.918107738233594040e-01
-1.000000000000000000e+00
-8.930958055939142159e-01
1.514906562666775980e-01
2.528009486871047873e-01
4.903857688208146381e-01
-1.000000000000000000e+00
6.514666040141631198e-02
4.101132856601495957e-01
-2.304104064365868343e-01
1.000000000000000000e+00
-7.317177234892779936e-01
-8.186129505655399541e-01
-9.173551939718286308e-01
-4.683368302761038438e-01
-5.644774674008351534e-02
6.087171817191050494e-01
-2.529441385667707820e-01
-6.349549646261138935e-01
-3.082651133734268245e-01
-1.925709771178716889e-01
1.871671078540138589e-01
-6.462591744201164889e-01
2.832243840901321752e-01
3.820900129282470692e-01
3.459228884565873630e-01
1.195673162328216854e-01
9.474360513642368642e-02
1.000000000000000000e+00
-5.924186612849106220e-03
-4.427868213998681357e-01
-1.000000000000000000e+00
-1.900518581335428059e-01
5.273225064262834078e-02
-9.981974761198177948e-01
4.201366170666406274e-01
7.104449023565398424e-03
-2.626061224780576464e-01
-4.194249914525530198e-01
5.703884526468487870e-01
2.183270090658110951e-01
8.153291668446117912e-03
-2.652446318085463495e-01
-1.404438431678789456e-01
-9.452870398249686723e-02
8.314759560538137473e-01
6.683181116087776041e-02
3.006963954334193057e-01
-4.075156530525700926e-01
2.367493273580216218e-01
8.249210183922479900e-02
-7.590996968163370162e-02
-3.090215930864262939e-01
-3.566867021992190523e-01
2.653114596505405376e-01
-1.403937495930950019e-02
2.522343796837545060e-01
-3.185637714490210382e-01
-1.722480523624524834e-02
-3.696849166529430075e-01
-3.696270095041970238e-01
-3.440031601752712165e-01
-2.096308677447031588e-01
-3.021313519643465395e-01
4.301900404828584712e-01
2.009003302497946453e-01
-3.142324229599335328e-01
