2.987519707026990989e-01
2.283242462219614577e-01
-4.156657060462972675e-01
-4.656627491756160780e-02
2.408635410597712856e-01
1.823047612191752986e-01
7.012919257030100773e-02
3.660579249790973932e-01
-2.285176743669905530e-01
3.487674692018009059e-01
-3.269836432615025879e-01
3.699290608449452566e-01
3.450695749332888251e-02
-1.605183394051230561e-01
6.611480293183831236e-01
-2.557122953790369468e-01
7.772153246218294065e-01
-8.637724228250235337e-01
-5.856905171208743877e-01
-4.661050172436975031e-02
3.161809959778622003e-01
-1.545477535145709513e-01
1.277543328658107546e-01
3.394148885590431153e-01
-3.266108001134393479e-01
-6.730169083080959069e-01
-2.327269969187798493e-01
-1.556416290846763251e-01
5.389566364547782040e-02
4.288399940229414842e-01
-8.856893206979221667e-01
3.081772481530516972e-01
-7.134947629170458328e-01
-4.077574552771205951e-01
-5.223448718464007712e-01
-8.412528847006204291e-01
-4.522323919988295582e-02
4.443043956147129103e-01
1.000000000000000000e+00
3.476509385905648397e-01
-5.043304040372771357e-01
-4.391715514215932537e-01
-1.233894175241670096e-02
6.505797199337930437e-01
7.570718429572300678e-01
2.123941391654964872e-01
1.929826689466678513e-01
1.605649124565775021e-01
1.010251050006341078e-01
7.445999498774256153e-01
2.095059853413531736e-01
-4.354451278365047973e-01
3.742515385160802288e-01
-2.964750601014525255e-01
8.392043964088578001e-01
1.855692392196384849e-02
-5.764936314430676445e-01
-3.107088060962320819e-01
1.142696612344218099e-01
1.721443258325477954e-02
-7.440287707772386128e-02
-1.076012010652696443e-01
-2.314735606419210390e-01
-3.900869627043159968e-03
3.280490480887287008e-01
3.024139785770532662e-01
7.838285948342187115e-02
-5.082050749297637449e-01
6.924148327151115057e-01
2.969182303758731711e-01
-1.482423480668591809e-01
-3.377603326130375061e-01
-8.713248271029185033e-02
2.377375228950467934e-01
3.877691562664733471e-01
-1.780230848914397535e-01
-5.986815618676236683e-01
-6.427603513160895510e-01
3.061716969391901078e-01
6.409676017201719755e-01
-8.954849297949352138e-01
-1.790399661120093411e-01
2.212227482928222910e-01
-1.710805424327840052e-01
-3.985725245584385151e-02
4.293968739289437675e-01
-8.277092864514933312e-01
1.721529634508398854e-01
-2.565443451668388830e-01
1.330013286603728140e-01
-1.574170537753598331e-01
-6.548049115391596509e-01
-1.533304781870942768e-01
-1.638960044799576410e-01
3.705940523455523161e-01
-2.121686379687315327e-01
4.664594670204567084e-01
2.866220503136415743e-01
-8.078404026439560404e-02
6.823602615571872088e-01
7.438280574152557056e-01
-2.887340734598070058e-01
-3.716027136677793052e-01
-1.659545209976797664e-01
-4.981820880840993615e-01
-1.087793926952239365e-01
-7.128200897016643278e-01
4.272563559325230631e-02
-2.308735413086704658e-01
-2.137781647388282968e-01
-1.461235134476375763e-01
4.620801515381714464e-02
7.937127300605710811e-01
-2.837524742758857493e-02
6.111691807178634139e-01
-5.503273527614800376e-01
-5.586882122123090211e-01
-3.147191489938639397e-01
-2.721553667241888852e-01
8.650982540853811853e-02
-5.684691038818509012e-01
6.531347168207985998e-01
2.987928094358515141e-01
7.591556538322966619e-01
7.615159830854308920e-01
-1.934844810992944197e-01
-1.371027918848796434e-01
-3.539727259842350149e-01
-1.383403065576913060e-01
4.561372792675624788e-02
-6.951946297225651827e-01
1.020941953813731679e-01
1.430489778555543157e-01
-1.950232414018782667e-01
1.215480218129957046e-01
2.908504553860278841e-01
5.968982216132526775e-01
-1.292820333198749505e-01
-3.950729558334275526e-01
1.000000000000000000e+00
-2.089087040915850735e-01
3.522780975968033135e-02
3.393187067768514975e-01
4.292231978440606555e-01
-1.378694245639698057e-01
5.921829969951838413e-01
7.867020996403624178e-01
-2.179658075343180734e-01
4.297554959419141313e-02
3.842448137099146455e-01
-7.375484136641154986e-01
2.855323713734127522e-01
-5.144204008400036221e-01
-1.030714585728638721e-01
2.036156635967944217e-01
5.462865395967243798e-02
-1.428876257467050492e-01
3.485458072935220253e-01
-5.602905543212659267e-02
2.618892139848656431e-01
-4.209684420535823035e-01
-3.024800163916987472e-01
-4.348782362075279129e-02
-1.430511193540832393e-01
1.551349565901823935e-01
-2.257667792656628536e-01
-6.864138937072552515e-01
-3.415228179545676257e-01
1.830718998451396629e-01
5.933945155610413913e-01
7.860352938107731946e-01
8.713772792137335355e-01
-3.542548189692699689e-01
2.687449384855881696e-01
5.667904827990044581e-01
7.520388866847445286e-02
-2.989009926035206544e-01
3.540582543888347589e-01
6.023832204277433933e-01
-4.558416918471181467e-01
-4.178953434298074976e-01
-1.602167896860160756e-01
-3.021121392136082162e-02
4.464799950445990651e-01
4.181830157856871732e-01
5.822062701643808402e-03
3.875881967496990765e-01
-4.049586902228179963e-01
2.046069774240886208e-01
-6.404342997753188493e-01
-6.067893326725060099e-01
5.683009178771105674e-01
-3.933951761078227638e-02
-4.842055878274620917e-01
-4.277078158766590144e-01
7.368356213044248149e-01
-4.880896857262255195e-01
1.747372765137596984e-01
7.122058154391977536e-02
5.204450677078492626e-02
4.932509938870590638e-01
1.758785174987322897e-01
3.415887939128846029e-01
3.512806129694587831e-01
4.308655067337032740e-01
5.292936198877841170e-01
-1.612889224305017188e-01
8.129025200831937470e-01
-2.559963454320832721e-01
1.981093736275316153e-01
-5.024457927970888971e-01
1.787327045745124299e-01
-2.212848764664962220e-01
-5.891445902412849323e-02
1.000000000000000000e+00
4.604407769315937982e-02
2.765325637757830579e-01
5.104885661786767725e-02
3.193119543162822316e-01
1.140843775652461561e-01
6.904823294016986246e-01
-4.895882091385770907e-01
2.333756225001648033e-01
6.273061077177387590e-01
3.350929462022372851e-01
-1.226094183048751646e-01
8.598312312103285615e-01
-1.722076643412920327e-01
1.366244827098603287e-01
-2.331516829370229860e-01
4.987580255820693864e-01
3.108831282614123448e-01
7.776537258561794230e-02
-1.139785563776183827e-02
2.400351806522842690e-01
3.225548653564536128e-01
1.811520902222727922e-02
3.655671322494131736e-01
2.931239651019618142e-01
-6.639768102333691857e-01
3.961790786508749274e-01
-4.996186115440963138e-01
1.183378939928379503e-01
2.893787149368536871e-01
-7.381087186966716063e-01
-2.247872569716796443e-01
3.273426923465017069e-01
5.562479218842326656e-01
-7.636895150774155594e-01
3.276453837859170937e-02
1.856268193416939494e-01
9.338937034298956316e-03
1.871842589066627649e-01
1.902017880775093150e-01
-1.465495014145200836e-01
-7.575853944232194270e-02
-2.698176558053197449e-02
-3.277778644883270753e-01
4.957242108164413574e-01
-6.535210553552909737e-03
-7.337501099694943019e-01
4.960527063636012146e-01
5.259398250972420197e-01
-2.357241434345068165e-01
-7.066234250973693065e-01
