-2.335869758111471517e-01
-2.240314515455747446e-01
-4.669690667503300641e-01
6.223574426803134552e-01
-1.281930589342553661e-01
-1.000000000000000000e+00
-4.040488347383858203e-01
-6.770102455832915922e-02
2.203904163087361534e-01
-3.146260601006655167e-01
-5.336433226471306579e-01
-1.913712847859008470e-01
4.587960156757907026e-01
-3.188606723049888098e-02
-1.514613873281095979e-01
-9.891187590769390248e-02
-5.610712395659062796e-02
2.436174821945496505e-01
4.764539277884358159e-01
-2.526441081026751245e-01
5.455081100821617124e-01
-7.927214017092364395e-01
7.992072097771316663e-01
-2.788846154921522102e-01
-8.411531509764930137e-01
3.112417664180209265e-01
-2.077623064498603511e-01
7.339688829003233883e-02
1.927084884048102520e-01
7.443153865615308451e-01
-4.923159316781011707e-01
-5.270500890295264362e-01
1.318030767324196439e-01
4.343158893041824953e-02
2.594538150357303952e-01
4.815410202836207798e-01
1.748154900812935175e-01
-2.040423373976703314e-01
-2.779462433269550004e-01
-8.494543204251665536e-01
-2.963486939141645182e-01
-4.236884161354658174e-01
4.022314671191137836e-01
-1.000000000000000000e+00
7.613546110484947782e-01
3.975490257067484379e-01
6.913702968896465739e-01
-5.955079788561600251e-01
2.840231141328389830e-01
1.227048953526533454e-01
-4.595935942894902593e-01
-3.945834274751347515e-01
-1.235208682601033614e-01
-2.305056492120971523e-01
-3.755064095233862642e-01
-5.357403715834068159e-01
1.525803989756018553e-01
2.952572199635757344e-01
3.646567149662423013e-01
3.243161205743676223e-02
7.515502318001133775e-01
3.484021095414839286e-01
-5.220285455723010504e-01
-3.227475176158593473e-01
-1.519413392578145561e-01
-9.240984202991249230e-01
-9.081624462169636536e-02
3.071623945421513846e-01
-8.226144321799225279e-02
-6.069734236983561626e-01
7.416790536900916830e-01
-1.622652776737015523e-01
2.115146468926399348e-01
2.634186167355776487e-01
5.711473595885726562e-01
8.611802314405494485e-01
1.016473669552560855e-01
1.353379910037013079e-01
4.889555879708387121e-01
-1.000000000000000000e+00
8.031299220250349702e-01
-5.767345755721516865e-01
-8.436515718176794687e-01
8.875671648693943261e-02
6.619036675884233389e-01
7.636090996524695917e-01
4.201387078748942266e-02
2.126580620571453251e-01
-8.183678918761200238e-02
4.368294042986100578e-01
2.004062018546371934e-02
6.811657546540990371e-02
-4.183560010757614855e-01
-6.574426049356663082e-01
4.354607153898936156e-01
2.892776948280598170e-01
-2.469662681045951547e-01
1.000000000000000000e+00
8.948993173043165439e-02
2.573908635255061639e-01
-5.010481362033775143e-01
-3.731592871126154787e-01
-5.487647384321687749e-01
2.565718513695777192e-01
-6.496060838701892548e-01
9.153720922158373741e-01
1.661939482910983201e-01
-1.000000000000000000e+00
-1.000000000000000000e+00
2.977320379525177918e-01
-2.376081742815237818e-02
-8.775049908425516243e-01
4.371142528841286956e-01
7.112946455562002557e-01
-4.137632755003129437e-01
-2.602412352178793409e-01
5.851792445292384182e-01
8.355644256709187090e-01
-4.685596512256259838e-01
6.184824065007199501e-01
3.284157391734839893e-01
4.375515926464908500e-01
3.897004149299714282e-01
4.954250211857817443e-01
3.013164775239104420e-01
4.821921550493990516e-01
-3.975905506732958505e-01
-3.048535806642549417e-01
1.565951451244494141e-01
-2.491102669240157219e-01
8.404867189615003453e-02
-3.721806316276142779e-01
2.113782250421047670e-01
-8.374676211869869213e-01
-3.084167525673909283e-01
7.561170468660286526e-01
-4.399191645548726215e-01
-3.706955765635232963e-02
2.562168612565564052e-01
3.724055686265297371e-01
-6.629427211381013763e-01
-2.797275176263760987e-01
-1.000000000000000000e+00
3.490468822335389132e-01
3.333844252928773733e-01
-2.390675172501754986e-01
4.490427230914624812e-01
3.282232315350356866e-01
-3.755086436120004256e-01
-8.851112357167763289e-02
-2.437008374493316865e-01
-4.112127872189977329e-01
-3.216737830946516663e-01
-3.975664258120824579e-01
4.345461108426155739e-01
2.760904090893300800e-01
1.453059832976473509e-01
6.235582574392571908e-01
1.701927060070457798e-01
6.642125415229214180e-01
4.253272985758718150e-01
1.079249969581881075e-01
3.128341830022955961e-01
-6.520009497484603456e-01
-7.123746025811177329e-01
1.134627094098014655e-02
4.765212857029750282e-01
-5.528282510057070942e-01
-5.468089520812947635e-01
-7.948446255333780908e-01
7.234180364531331842e-01
-6.597477844776655775e-04
5.558688668012863321e-01
1.249324818783997260e-01
5.537031135788874625e-01
-9.140670535014661091e-02
-1.668332858999818646e-01
2.055755937610156611e-02
4.017630696950287295e-01
6.513883795879376049e-01
2.338279230882023274e-01
-2.801290284129434038e-01
1.149385638274242755e-01
-4.808857616064690643e-01
4.075431234544769077e-01
1.627414690915873208e-01
-5.724340624670802846e-01
-4.682726565795216067e-01
4.432397825544456271e-01
-5.963199867492434691e-01
4.936404649998976657e-02
-2.028822293915200636e-01
-3.173195733050877543e-01
-1.227213645893963784e-01
-2.410740528948457639e-01
-3.842715708496008409e-01
-4.507947250264489059e-01
2.353866195356094614e-03
-3.144839086262909283e-02
-7.551058638635999021e-01
4.470285871244709108e-01
6.638082010580544090e-02
-2.224558924704294893e-01
-2.675603258384476879e-01
6.296624258673171048e-02
-4.358277453872053120e-01
4.525470029023209162e-01
-3.411820432389252589e-01
-4.220028541745279305e-01
-6.039946488477442726e-02
-3.737409281628672475e-01
-9.732337675831381762e-01
5.209971350682932600e-01
-5.232133027622516419e-01
2.051402924514889592e-01
3.743326295139071669e-01
-3.757979584095818004e-01
7.548897213826299968e-01
6.719164655031378830e-02
1.559221459958168576e-01
2.823186990685271347e-01
2.436670320457601513e-01
-2.336826570915193912e-01
-6.835718550634418966e-02
2.359369456987309710e-01
-1.614809155118611950e-01
7.529989750275214444e-01
-6.729017437687336844e-01
5.157307863144385829e-01
5.747100644994216356e-01
-6.629845544162059623e-01
5.224509924330709154e-01
-4.033482172453958792e-01
-5.987906399627735965e-01
5.172011118911247207e-01
-4.170685693325375532e-01
2.973072640472522732e-01
7.014171141114703412e-01
4.041930383636219704e-01
3.965482827279760980e-01
-4.264862805268067603e-01
-1.000000000000000000e+00
1.795509866955314893e-01
6.149502707582449323e-01
-7.809919795921688168e-03
2.887758097540250590e-01
-3.119424192529772766e-01
-3.359015905030712096e-02
6.583744213779827437e-01
-5.942698768562696410e-01
-1.337799503147642233e-01
1.929654208350010391e-01
4.658749163619446132e-01
-3.207386265792561142e-03
-4.666715978718910529e-01
-3.449409434614227887e-01
4.982263294414580046e-01
-4.345510106115169080e-01
5.992157792025721852e-01
-5.760350945608823103e-01
2.439066758667785551e-01
-4.336735492975368200e-01
1.246942600090956560e-01
-1.677669282266540107e-01
-1.264345215857118621e-01
