-4.706921287703580425e-02
6.947294336429458150e-01
-2.222928731600117558e-01
1.712591101079761480e-01
-6.415929317957355105e-01
-6.329026271354121214e-02
1.846916170496978316e-01
-4.683251248178457171e-01
-2.310059767707263803e-02
8.321757175176617283e-01
3.092573926215761992e-01
-1.910934339642023361e-01
3.753788161040295668e-01
5.244322707439412756e-01
4.764724496350284944e-01
-9.436646111909020584e-01
-1.030899318211782045e-01
5.691837841428112332e-01
-3.194769799147860745e-01
-9.432989025664448857e-01
-1.000000000000000000e+00
-4.827621130380763681e-01
1.912077594502863132e-01
-3.567335717343673163e-01
-5.318950824471584404e-01
-5.155239540496948658e-01
1.691091878060594911e-01
-1.201098124281582830e-01
-2.086719648868788357e-01
2.726259938618044026e-02
-2.536535125465974039e-01
1.404513578135179741e-01
1.765004086058705179e-01
2.758358403010827686e-01
1.111118402075577383e-01
-5.443683325094923753e-02
-2.146255720988288207e-02
-2.979493265850908235e-01
-7.868445883174314537e-02
6.827520986094954836e-01
2.111244608265868961e-01
2.768378149385252174e-01
1.000000000000000000e+00
9.395691139925365087e-01
-3.405954659598346979e-01
9.296699701339129415e-03
-2.492080758352411274e-01
3.585176889207183359e-01
-2.729996326007215479e-02
-8.960298088661111660e-02
5.964765802895024560e-01
-5.662862425532581845e-02
1.796111801187815216e-01
-5.841255262603631260e-02
2.185878275218737232e-01
4.164429788153237721e-01
8.753767574812125751e-01
-3.721073506974160311e-02
-2.973066324834440499e-02
-1.513439566718063206e-02
-4.754573663189663735e-02
-5.959766599868512871e-02
4.209374211398825838e-01
3.239325091036535653e-01
5.580316076776221934e-02
7.465783871038995934e-02
-4.142467227676124852e-02
6.238722155640744754e-02
-3.167110997163350428e-01
-1.670335295210010132e-02
-3.743434558735275752e-01
-1.795437620269531298e-01
-6.627047516190370802e-02
-9.248722895412246903e-01
-4.634295317895429367e-01
-2.645867784475084417e-01
-9.287174962736416406e-01
4.324028328870350157e-01
1.279051532383544965e-01
4.840234231874306764e-02
-3.079388905587673864e-02
1.078164904254286932e-01
-2.447375623878325357e-01
-5.071044149686781966e-01
3.759047227498134025e-01
-5.687133473997452171e-01
9.250727881648540540e-01
6.917429649570702721e-02
-3.475742776089413288e-01
-2.626162801768905930e-01
-4.886976495940426046e-01
-1.427768646590121260e-01
6.790411194246206428e-01
-2.625239845253064530e-01
1.464895167094808562e-02
-2.164606698666800555e-01
-1.031615272692914115e-01
-3.158586096368077439e-02
2.648495700988433565e-01
-4.042227838555827457e-01
4.384462922377967975e-01
2.878486822697142733e-01
8.586952409475920311e-02
-1.728384356626233576e-01
-6.896754923765295864e-01
-1.050808903206418982e-01
-3.147610753348382695e-01
-2.998818714696775412e-01
-5.110160693003017451e-01
9.806751329779657134e-01
6.167990246589069026e-01
6.260890072417895080e-01
1.325844076940179417e-01
-2.634627501839090780e-01
-2.034465364544445765e-01
-9.531409583781344508e-02
1.375059700029858042e-02
-1.000000000000000000e+00
-4.370698503537003843e-01
-1.011438811925511605e-01
1.978648698626883085e-01
-2.794130342417421309e-01
1.519927495696685449e-01
8.473335905302406545e-02
-2.032086491042391085e-01
-7.556247840437431140e-01
4.856774607036840607e-01
-8.611753294691519844e-01
-4.101837593217297351e-01
-7.724361165589581357e-02
-9.270891256027991023e-01
-4.808168879253676975e-02
-2.279078640707717096e-01
-2.147452977208949565e-01
-8.194326245074064208e-02
-9.513143125584899717e-01
-9.548783648998939722e-01
1.002574000163840989e-01
7.251650604844599446e-01
-4.612386787602906768e-01
-4.484019030952186569e-01
-4.554135249842489186e-01
-9.557874760518998425e-01
3.178470823143683677e-01
2.427657637812039304e-01
-2.373577298516304501e-01
-7.475033744858703422e-01
-2.433025620928740973e-01
5.973089253866694509e-02
1.522848745942028889e-02
-2.648781451353590666e-01
-5.902812694850084752e-02
6.573029097336720306e-02
-2.979507867404190824e-01
6.708455619002670622e-02
4.930334988260390294e-01
-3.843803586839659725e-01
-1.000000000000000000e+00
1.703053177382209682e-01
-3.934562855310723417e-02
7.457636732038784577e-02
-2.775727353335636916e-01
-4.285280676586477044e-01
5.122095939463889858e-01
-1.428861154750276086e-01
-4.920982368771202597e-02
1.688018894517954172e-01
4.006992883239680892e-02
-9.737203094523996239e-01
-7.228632486034682891e-01
-1.514181321711473849e-01
-3.573901122229845573e-01
1.711825394784398380e-01
-5.797069892043271722e-01
1.287723543375092206e-01
3.326893253519412341e-01
1.222936184459646747e-01
-4.839141292485463763e-01
5.122696574538386782e-01
-4.535596722721182417e-01
-3.928243360215492030e-01
-1.765935219044294513e-01
3.760725327248798378e-01
-1.665304005230788531e-01
-1.949205164155501102e-01
1.335031357417698072e-01
-3.728811421789796077e-02
-2.786400177325379923e-01
-1.221605595086796836e-01
-3.749358761559262732e-02
3.335242360966640951e-01
-2.029585872675598590e-01
-3.541428310832385740e-01
1.628825094234830351e-01
-6.798552041196078699e-01
2.270823689004100587e-01
1.878718054047988362e-02
4.932478870237693575e-02
-5.836877968069859729e-02
-1.977616820283966403e-01
-7.301624636612903674e-02
3.591431034742155193e-01
-3.593044253176623792e-01
-4.808013953733041856e-01
1.295855158482050740e-01
9.619771656469217058e-02
-9.742093192765115539e-01
-2.076970681343395519e-01
1.748709680152082946e-01
7.681736315169372942e-01
2.479881794501980208e-01
3.136492729114911948e-02
4.346592455283677103e-01
4.136179768150385350e-01
-4.391210839871599880e-01
-1.163506820703707756e-01
1.093061153721896217e-01
3.446887796845469198e-01
6.212682743177390110e-01
6.858701779647928543e-02
-2.214182343916880069e-01
-2.647122144282675893e-01
3.609382944185302033e-01
-4.389840918313678286e-01
-6.644113476534445617e-01
-5.177762909806328251e-01
5.343552997816853889e-01
-3.256113542245566150e-01
3.445619555363642617e-01
-3.033862169648660623e-01
9.878781111953516270e-02
-4.046536721676070036e-01
-1.382715229284022518e-01
4.134180325004983003e-01
2.952438476693957162e-02
-9.435383513931767663e-01
1.000000000000000000e+00
-3.280820838541280149e-01
-6.522017647257580819e-01
1.000000000000000000e+00
-3.174788330058733177e-01
4.840249507752366620e-01
2.247712002186724733e-01
-3.186636526642202538e-01
-1.000000000000000000e+00
1.000000000000000000e+00
7.339794787983067170e-01
-1.005327805676817926e-01
1.840834077111713762e-01
-2.800265990235102365e-01
-8.522768613457698539e-02
9.480550503224788317e-02
3.041336465585484650e-01
-3.720864502111622119e-01
-5.620264822974705421e-01
3.770787374266303948e-01
-2.172617078283663739e-01
-7.579717220995898508e-01
-1.632869723127542139e-01
-1.334108477085658162e-01
2.236493206170984405e-01
-2.927599282894536303e-01
5.719552105545012977e-02
2.380664931013718177e-01
-9.782743502063907526e-01
