-5.340676064586153959e-01
1.152784769380608976e-02
-7.386955731882170750e-02
-6.389813479980086530e-01
2.517263826564676843e-01
-1.432733503593957847e-01
4.988312089564211904e-01
-4.313503284550607164e-01
-2.483966841601920050e-01
-2.797924633530042282e-01
6.971301246429866261e-01
-1.062117797835824412e-02
8.824466575584882788e-02
5.575567137147231789e-02
1.614406220092211852e-01
9.035490496906506408e-01
1.897798980395630219e-01
-1.922633110550991953e-03
-2.366004085586320693e-01
-4.481820890706528226e-01
-1.000000000000000000e+00
3.761565162742902535e-01
-6.159428633750760884e-01
8.212192323473123112e-01
-1.184916554617849310e-01
-1.806869978076541261e-01
5.068027505899880270e-01
4.073336981516507693e-01
9.203134762920005263e-02
4.977196777837557540e-01
1.173381718321062916e-01
3.781061321689373894e-02
1.122454895969326460e-01
5.132366887297973301e-01
-2.155587922964380676e-01
-1.964264126557311307e-01
1.430143420684922562e-01
2.179000085113562690e-01
7.802553579766320357e-01
2.406810494405825507e-01
3.568452753670559030e-01
-2.023370063459330459e-01
-7.632501859388203247e-01
-2.685694203912793454e-01
5.335452692198567881e-01
-3.408495252606876247e-01
6.521348677650414816e-01
-2.538576433739632709e-01
1.000000000000000000e+00
-2.353941491372691930e-01
-5.563449174857576507e-01
-2.448865413352971643e-01
6.977859846879737038e-01
2.156758549165374572e-01
5.304711952997125390e-01
-1.519324835541839280e-01
-3.215987137756145531e-01
4.048651400035052639e-01
-5.802300278304964865e-01
-1.042045733985888512e-01
1.000000000000000000e+00
5.438590210445463091e-01
-7.958710244639194409e-01
-4.555443878759475318e-01
-1.678687280604678755e-01
-4.974783554293970012e-01
7.030045681723520040e-03
4.068322594467337905e-01
7.172440584039883049e-01
-3.567699855065044057e-01
-7.979247265965833114e-02
6.106837917786978043e-01
4.471314293854917743e-01
-1.351972314549187426e-01
-5.144282285583710035e-01
-9.079649876763121186e-02
4.229574521070660342e-01
3.573328296469875653e-02
-1.000000000000000000e+00
-6.541498476972787413e-03
4.116081228259357849e-02
-1.498252087110742703e-01
-3.067854095271022735e-02
-7.637721942519806184e-01
-5.102549470792631103e-01
-1.660934182554165972e-01
-7.647722867721115092e-01
2.343874163628406060e-01
-3.373140293125982681e-02
-2.101504129869637486e-02
1.751815759420105312e-01
7.906276850812852253e-01
7.626966189886074110e-01
1.196025405688161125e-01
5.915449225321051802e-02
-4.502429745871379396e-02
-5.858547374033692412e-01
8.427654236930426368e-02
3.545809800311346405e-01
4.392751818477349385e-02
-5.061041836997820509e-01
1.049015026325206268e-02
6.337227835955347999e-01
-4.986681606917779397e-01
1.693611266754121991e-01
-3.472675506815426361e-01
-1.669669866374156597e-01
-7.886809717612019988e-01
-4.091226698940870765e-01
-3.171444170565321241e-01
-5.242277654297842204e-01
-1.510469991068763007e-01
2.973339484375842057e-01
1.263901734674966193e-01
3.141036744175751405e-01
7.583084292003824944e-02
4.033247336003252248e-01
-4.904771408506601871e-01
-5.262225728604102981e-02
-1.000000000000000000e+00
4.457373959722911172e-01
-3.048922616790691320e-01
8.325716942585076330e-02
-1.000000000000000000e+00
3.551732035054728370e-02
3.415964944172341089e-01
-1.127778270117285771e-02
7.188076371170413204e-01
-6.813734712588725984e-01
-5.013487246385828211e-01
-1.000000000000000000e+00
-3.523980476904057246e-01
-4.880525502374702951e-01
1.291955982397727520e-01
1.699285496676075646e-01
-8.303093404587909010e-01
-4.734820280617957344e-01
-1.104997579968656218e-01
2.267598230923199842e-01
5.668313423123537698e-01
-7.924531486782951939e-01
-1.749112815833011592e-01
-6.100515465379995061e-02
-1.418072880917308765e-01
4.416903758494092891e-01
-1.290080139626595401e-01
5.682714356467859496e-01
6.008620603845524766e-01
-2.434227739476287899e-01
-7.761960891611883184e-01
4.862197386994334680e-01
-1.702150084804464891e-01
-4.199881368367474055e-01
-5.250612744846916424e-01
1.800343197095781445e-01
-3.510101703978693588e-01
6.201969563505395078e-01
2.841097226902853934e-01
-1.979311917572357249e-02
2.419050427399083991e-01
-6.491386103474372504e-02
8.266213251927359562e-02
-9.886919511226919255e-01
1.175372994172942526e-01
6.636409170501278432e-01
1.631185513843614876e-01
8.978284361988021489e-01
-1.788582412779414488e-02
5.413652458110636001e-01
-1.407209677373668644e-01
-4.199991657541185530e-01
-3.677479782552233178e-01
9.627971952011077361e-02
-5.875614903261946464e-01
4.710358247206949955e-02
4.711337912388804394e-01
-3.246761755546292427e-01
-5.279265383477912410e-01
-2.931992313508791081e-01
-2.292298093808545212e-01
5.325184207031734562e-01
-5.296940148118789438e-01
-2.058232531975238977e-01
5.596009677003163651e-02
2.752435491715418681e-01
-5.672867465282865895e-01
-6.593003986264300842e-01
4.709027031021035814e-01
9.278384453793399322e-02
4.001662688867091422e-02
5.327085480633465819e-02
-4.252257097012771547e-01
1.929090670257539997e-01
9.176068110971405400e-02
6.227266709475141881e-02
7.073585252942786727e-01
7.960074174468445563e-02
-8.153476242517132544e-02
8.908575980071575806e-01
-7.822868885933987881e-01
4.684076470425324601e-01
3.150344168383772403e-01
-4.669327869185359026e-01
1.121054243964356850e-01
-1.000000000000000000e+00
6.330651206733576286e-01
-2.528738209516687707e-01
-9.112239933551065096e-01
-6.913025650986912019e-02
3.582311893226223232e-01
-4.060103612178159738e-01
3.567094741735674090e-01
6.158361334734115955e-01
-7.060693956703969487e-01
-2.775131378096943879e-01
-2.987535306442065108e-01
5.452306381908988975e-02
2.246075124008757307e-01
-5.615908188738901741e-01
3.788917616787235709e-01
3.228200904580514896e-01
-3.173928459736650720e-01
-1.980837339922332518e-01
-1.000000000000000000e+00
2.458876841622249232e-01
-2.136212152656098984e-01
7.583078133780623009e-01
3.227484271624914136e-01
-2.641585793838324703e-02
1.658276285826393859e-01
-9.875537695656102510e-01
3.989964845631609469e-01
-5.308729894774931735e-01
-4.724454161991186174e-01
-1.445118832605000458e-01
5.080018254189799798e-02
1.449135896973987037e-01
2.419577724393390528e-01
5.040955117229323212e-01
-6.555019531810805100e-01
-5.240367710166764503e-01
1.548357332879767012e-01
-2.916964410093916826e-02
-2.770558085754763478e-01
-4.582783119239171032e-01
3.972030092906155274e-01
-7.954949624964555710e-01
3.672166849202505023e-01
-4.374632466580540835e-01
-3.276573802112782152e-01
3.341517553057654633e-01
-8.402928597751987416e-01
-1.289533304224365073e-01
-6.002500917452997520e-01
-1.462514329508432798e-01
1.694383306142598633e-01
1.000000000000000000e+00
7.589586650287108438e-02
-1.000000000000000000e+00
-1.980525421149992860e-01
9.913019407593497423e-01
-1.921614499909959639e-01
-1.471982122575999363e-01
-3.732793860493769378e-01
6.481077505137089467e-02
