-3.014821030827374848e-02
2.131981534780336140e-02
-2.220260191049466258e-01
1.931391290746063694e-01
1.771199264616628022e-01
2.485295236343442182e-01
2.474269599309193435e-01
-2.628077301980418778e-01
2.538476718367912444e-01
-4.962323488488478151e-01
3.219146406690625434e-02
8.456298655574857881e-02
4.750969063756750599e-02
4.922926202371031845e-01
-1.975548497662803216e-01
-5.260147251128622914e-01
1.355477795439379018e-01
-8.857638309781762365e-02
4.421447641825430180e-02
8.976752606788440669e-02
5.795461791015988906e-01
5.016189238540187390e-01
-3.430612672509047306e-02
-4.864475603363284661e-01
-1.000000000000000000e+00
-2.750417389215226160e-01
3.127420468458013136e-01
-1.382337907228684548e-01
-6.266709876459257700e-01
-2.204884763125634639e-01
3.424379843047976602e-01
-2.555049589298824531e-01
-2.966636137285671992e-01
1.561727204606633002e-01
-1.645185544547829726e-01
-2.751047743119973063e-03
-8.253664370872745848e-02
9.761629187801521557e-01
4.882478600143115577e-02
-2.532192492065526990e-01
-4.725159086932647079e-01
-3.515658444266715477e-01
2.907699436930668777e-02
3.156770719841483497e-01
5.759213564813441266e-01
8.504258486845718557e-02
1.885267839838689757e-02
5.650815265311620594e-01
5.424674921180441256e-01
3.202541922816953268e-01
-9.866938954578230447e-02
-8.904878979735066924e-01
-2.020900028330700482e-01
-4.153078150475538743e-01
1.734929096633826551e-01
-8.962060358235521829e-01
3.134196325405986805e-01
-3.563787908249140823e-01
-3.340623273895936829e-01
9.705502445882308038e-01
3.308154942350467476e-01
-2.215828285734432468e-01
-1.217965321901046116e-01
1.475279032207481023e-01
8.245345559006387326e-01
2.110484502904644566e-01
-6.040641518482826183e-02
-2.950266524645255295e-01
-3.754093139503173471e-01
-7.436367141930610991e-01
-2.376042978684338169e-01
3.810565005806105243e-01
2.844011510877677562e-01
-6.742004384871533307e-02
7.315528936565471874e-01
-7.026558159290718919e-01
8.277110143830386235e-01
-2.381316604471975240e-01
-7.442868152519248603e-01
2.040752526845429904e-01
4.030177616343817715e-02
-4.510182749822102544e-01
2.987129790848928046e-01
1.005546180658707101e-01
2.173986886357179571e-01
-1.337147618486974054e-01
-2.556844645693485130e-01
-6.566343631913091894e-01
9.099122340895657302e-02
-2.421635194910886080e-01
-6.791920870403030941e-01
4.768243580620988853e-01
4.885289203880914879e-03
2.803015405789455183e-01
3.332304052525796312e-01
5.526548853839940295e-02
-2.560065289381418530e-01
-5.293512160267536126e-01
7.083210251228250209e-02
3.444508100115404314e-01
6.797879547787698262e-02
2.301853634011097327e-02
1.443864451254362469e-01
1.291238298633793913e-01
3.981741420782043683e-02
-1.000000000000000000e+00
-1.260854543479600909e-01
3.480941054633137632e-01
-9.710390916295792429e-01
2.331634546712330058e-01
-3.282490269239309866e-01
-4.437714165793659737e-01
4.489089778320220492e-01
2.509621925395699726e-01
9.721952567256652022e-01
3.753377971305889294e-02
-5.878794213522912232e-02
-8.346673367265367016e-02
-3.084807953797108482e-01
-1.514852714978794923e-01
4.316660904566018697e-01
-9.897720236907068259e-01
1.477240837336417367e-02
-3.941163949131102351e-01
1.833968847239802469e-01
4.585763292076072140e-01
4.571604363141080762e-01
-4.342277334967017399e-01
-6.697410093334550674e-02
3.909490030948045147e-01
1.780346951957282875e-01
-4.862574230817663379e-01
4.436959859541882850e-02
-1.945166514700322757e-01
3.928114550879522465e-03
-3.414345929874241237e-01
-2.024969589187620156e-01
-5.610542506469717861e-02
1.328731655271582768e-01
4.062751666517986915e-01
-2.031407168437556476e-01
2.882355275243614900e-01
-3.287125197220287509e-01
4.717244568201246491e-01
-1.158115514896716491e-01
2.507760473591832406e-01
-1.735690338818079437e-01
-9.647413670285283072e-01
-7.342421251106900915e-02
3.195958449157513398e-02
5.435862948551099805e-02
-5.762803682959100060e-02
-2.898643503722093673e-01
5.137637397920652438e-01
1.853840461299634257e-01
-5.155795774342836722e-03
5.847560774107990467e-01
-6.628393348180221523e-01
4.659724219122737821e-01
9.814344119100294472e-01
-3.147421202470737089e-01
2.712464262010516047e-01
-1.077037904308401073e-01
1.180030812802596377e-03
1.181259497282447224e-01
-4.630666148070652355e-01
-4.304848424689093345e-01
-4.726113326306483065e-01
-1.529019664602704609e-01
4.815669314864361172e-02
5.186908538497887466e-01
9.572191667389268188e-02
1.982916000853310323e-01
-7.060458499382417097e-01
-6.297002135096078923e-02
-1.567500705324407495e-01
-6.589985811337856214e-02
9.841788352241575000e-01
-8.800673283094681554e-02
-9.021182725126779267e-02
1.072928559871416804e-01
1.307108912189982597e-01
-1.305973754969711464e-01
-3.006238593780355406e-01
6.681147062774954737e-01
-9.566429310876992109e-02
-3.400231819897011620e-01
-1.123619546642402323e-01
3.443993807481225411e-01
-6.799704750642843187e-01
9.680868988137564246e-01
-5.352880661710420623e-02
1.897279084696114337e-01
2.578442341747831379e-01
-2.887283366746791757e-01
1.000000000000000000e+00
8.621927706585255646e-02
4.183316606399979654e-02
2.910224259317180096e-01
-2.210824134646658945e-01
-4.428666107906539251e-01
-8.521641605007990172e-02
1.019494177129892792e-01
-1.322246536578066956e-01
-4.594444167003913088e-02
-7.037214374782091442e-01
-3.920363446178531247e-02
-1.859798115192340395e-02
1.000000000000000000e+00
2.625163887751182368e-01
-6.024212722380417606e-01
-4.902462579699770617e-01
-7.301720818438124649e-02
4.479572178906968127e-02
-1.000000000000000000e+00
-7.498626027051831511e-02
9.600081023614120967e-01
-1.657433930763477503e-01
1.845049089538867149e-01
-3.651806217097672835e-01
-6.948798063599478381e-01
-4.255401343704836581e-01
2.710529288256550706e-01
8.238968613109978190e-01
5.805618366846158063e-01
2.830053937346300175e-01
-3.736551205781291074e-01
-2.495806575673493177e-01
4.727526528219805693e-03
1.066519434082819351e-01
-5.286410408401203131e-01
3.718030356621409432e-02
4.091068939437245700e-01
1.146750877936455887e-01
9.731745952880173078e-01
4.515628423068775432e-01
4.239235424195194613e-01
3.000957204671015344e-01
3.756166187007821677e-01
-1.810108062826885911e-01
-1.346048008680142925e-02
-3.728124644579390579e-02
3.613082344806644031e-01
2.157815218026062354e-01
-4.493835613185142575e-01
-7.687347889583749927e-01
-4.819865733045398115e-01
-3.634698904670774500e-02
-3.368660062794387455e-02
-3.022620259389724451e-01
-9.111581309586561095e-02
4.437800366458648504e-01
-3.683262015412624990e-02
3.485533639399598371e-01
2.336235873624302184e-01
5.154885063581415849e-01
-4.853716764740246825e-01
1.625047426869593303e-01
2.284468248551853597e-01
5.514390013536544233e-01
4.490073493465110421e-02
3.637829540384606569e-02
2.911779585847159429e-02
2.082007543786757592e-02
-9.736804271464013505e-01
