2.337354402320916957e-01
-1.325579208857487479e-01
4.135591704630514620e-03
3.851254128346646988e-02
-3.014493150431412638e-01
3.612394727154064067e-01
-1.152902569968639601e-01
-1.411368377791811513e-01
9.957815901169120298e-02
2.765004577752075421e-02
-3.818822823055872395e-01
-3.963704082447139232e-01
5.020713341037229549e-01
7.078260266258358246e-01
6.196073193947017055e-01
-2.240078457088676422e-01
1.000000000000000000e+00
-6.303021775422712469e-01
-1.554246966218439385e-01
1.000000000000000000e+00
6.173153540155239538e-01
-3.149059115293092459e-01
5.653113253825707563e-02
-2.929129783079079119e-02
-2.711916989873481842e-01
-7.130461426076697418e-01
-6.326253393396792379e-01
-4.290876676038549165e-02
-2.962653903461509031e-01
6.718013701675294991e-01
-9.524371582162856342e-02
-6.780299066596683355e-01
-1.279297583380861053e-02
1.563188272183333449e-01
3.186696940695655234e-01
3.015407183359109511e-01
2.112879597839251167e-01
-1.437084505478234964e-01
-3.574137842470785364e-01
-3.657232007308183208e-01
-4.598150554541232116e-01
-7.048528798622269997e-01
-9.731256913657762575e-02
-3.591884034398463710e-01
3.972318074173900593e-01
1.118074408199091208e-01
6.918078133929945750e-01
-3.204268589796217537e-01
-5.815258155094584769e-01
-5.543346388117881274e-01
-2.989496274789563840e-03
4.398005698190920465e-01
-1.779252723640187828e-01
2.308226288312271723e-01
3.373117940061037823e-02
-2.952369068643803662e-01
4.676757782641680627e-01
-9.203621784794593919e-02
2.160361129641837352e-01
-5.355092977634691165e-01
4.574271675362130973e-01
5.764515818187786467e-01
6.204470767198966979e-02
-2.420303786526320222e-01
-1.000000000000000000e+00
8.795114117981466251e-01
4.068387494404484550e-01
-4.407646918084298093e-01
-4.412035874512515443e-01
-4.834913031871672651e-01
1.573726431176038221e-01
4.771235077027357052e-01
-7.528590873378587789e-01
-1.000000000000000000e+00
-5.475027435257496800e-01
-5.409239491539435951e-01
-1.171818677940534084e-02
-3.755872757467410006e-01
6.705160692693685753e-01
-4.644604515515411980e-01
-3.090035967523825922e-01
2.238793222258272375e-01
-1.665340815383432038e-01
2.515878377870877092e-01
-3.268422338777283165e-01
-1.960882212639905586e-01
-9.513289266526663013e-02
-4.844081124003606353e-01
5.402367406902420788e-01
-3.433551175165638902e-01
6.523173916000764017e-01
-1.542595791312850184e-01
3.295001992453414630e-01
3.425746979544432858e-01
-2.085901556073616325e-01
-9.014282600480112428e-01
2.961751477325133552e-01
-8.319437103748329454e-01
-7.345303436365963057e-01
7.138128077059627818e-01
3.306776752503420846e-01
-2.798338580368009976e-01
-3.246946794886592103e-01
-3.630272872306143372e-01
-8.343531838383038135e-01
-3.425456693148776210e-01
1.488176751817447130e-01
5.802142944922106249e-01
5.544367192347765538e-01
-7.775524608433086460e-01
-2.060977334782749804e-01
-1.000000000000000000e+00
-5.400127862355095232e-01
7.629149676395785562e-02
-8.478894591476861253e-02
-3.744847082646718950e-01
1.444479198762400884e-01
-1.000000000000000000e+00
-9.185874427389920105e-02
4.698135628151787757e-01
-5.382809023628281064e-01
1.455073349857874954e-01
5.289690913095191904e-01
4.116664120868229193e-01
5.023156920989640950e-01
-6.493500237996321367e-01
-5.059691623701645380e-01
-1.006905540815302424e-01
5.251208929670013736e-01
2.178426294142720154e-01
-1.523350346420153378e-01
4.614236210092209634e-01
-3.659506712844299847e-01
1.000000000000000000e+00
1.000000000000000000e+00
-3.374509650979843900e-01
-6.081413559718873429e-01
4.351537875317771364e-01
-3.294905191076212825e-01
5.494578939960396147e-01
9.974458119476342643e-02
3.496205733558135909e-01
2.071648463549342900e-01
5.869560192475387073e-01
5.697882282911084229e-01
-1.000000000000000000e+00
1.000000000000000000e+00
-9.131113746509532669e-01
-5.720740260305468006e-01
-1.000000000000000000e+00
5.990155653916021672e-01
-7.108036355760740665e-01
-3.841505450109893860e-01
-6.176365304397505446e-02
-1.647034342473151780e-01
-3.638825472629330648e-01
-2.135695854447600128e-02
-3.131771805030323930e-01
-1.545337246385965757e-01
-7.844231462342194927e-01
2.591444475935184566e-01
1.561570159190305007e-02
3.847669614715562014e-01
3.340601637992963724e-01
1.929698392135243135e-01
-2.803604184440078861e-01
-2.656840926765278721e-01
2.025707944220711543e-01
3.799654562650282008e-01
-5.026387514990640071e-01
-3.227020375127997998e-02
-1.297488157476087700e-01
-3.580820780092283662e-02
-8.571796079526233791e-02
-4.086252692598479896e-02
3.176574817948556451e-01
-2.556490271936063263e-01
2.756302654647164729e-01
-4.856678017923834467e-01
1.076510832664871048e-01
1.937945971688287417e-02
1.402086107578497109e-01
-1.825745311655906922e-01
-6.474912035930199261e-01
3.434394253017956644e-01
-3.466926414591685601e-01
-4.272482150441402060e-02
-3.733141256054283708e-01
2.046428491750119927e-02
5.446317185562591368e-01
-2.486519547315568790e-01
-2.394488310987033242e-01
5.175424062760234367e-01
3.029642711642417663e-02
2.853104001296823400e-01
-4.069043946141017720e-01
1.284404672101944200e-01
1.631347564772367142e-01
3.504867553607704522e-01
2.401817724033762091e-01
3.649969764955420803e-01
1.346365677500652169e-01
-7.975377686099122121e-02
-7.330121725185141379e-01
7.526859796752682907e-02
-4.193133748957750262e-01
-6.362213653362411847e-01
1.751850293199555542e-02
-9.591112585225833320e-02
-6.861325794767854092e-01
-7.493349665218842492e-01
5.009046603002992315e-01
-5.458767863002870341e-02
7.560494040347325306e-01
4.638485424329953921e-01
-2.719195564183645164e-01
7.249455314001465589e-03
7.506340790866593560e-01
-1.616121540912899279e-01
5.044585432618488019e-01
2.292716665241676943e-01
-7.267933100495629906e-02
5.256099223993652148e-01
-6.352991624379620283e-01
-2.179697624868326689e-01
2.490973827733988233e-01
1.922027955170235725e-01
1.708041172679171382e-02
2.641907754726774971e-01
-3.453426676997073952e-01
5.536475755619036931e-01
-1.736191663633027682e-01
1.182930507430071387e-01
-1.915286856845480890e-01
4.325169360117971373e-01
1.214758104691789770e-01
-4.161833451570273179e-01
1.444594962448003672e-01
7.661737414945209990e-01
5.328859731150101808e-01
4.115695639279418616e-01
2.692360453006670817e-01
-1.993430146459474195e-01
4.742321568489600569e-02
5.374842681558263946e-01
3.851951382390410572e-01
6.577084729161665200e-01
-4.208462776079874845e-01
2.642376944741929856e-01
4.297984783274376164e-01
-2.336710722263411755e-01
7.498957966017821830e-01
2.131426051063989302e-01
1.871838993666034012e-01
-7.781201971247886373e-02
-5.525034001147780538e-01
-1.868297088512985427e-01
-1.321017391084715331e-01
-7.583742615615145510e-01
2.251652972478083159e-01
3.569541249940755279e-01
5.162955330877471161e-01
3.017444533844826360e-01
1.912070506813491055e-01
-8.197268035581878332e-02
