-6.869767252779673816e-02
-2.099446597828354411e-01
-5.962324158423756293e-01
3.372240855148966321e-01
-9.520158839754397362e-02
8.843596019174199130e-03
4.084850036567997944e-01
7.280369298361813457e-02
-2.177201910239359162e-01
1.752782739191820899e-02
-5.825998678696236999e-02
9.915656002162982763e-02
4.969889082891296717e-01
4.727964258765367522e-01
-2.213333392099592900e-01
5.591668073481492751e-01
-4.408473190882970794e-02
-1.022105764242720038e-01
3.645090777803531301e-01
-5.506833293215849245e-01
1.340241681647991456e-01
-2.086471326090987843e-01
-1.464596601759962646e-02
5.139433724818927018e-01
1.840182972480466916e-01
-2.925911984269012889e-01
-8.141692097047757704e-02
2.878317061384952358e-01
6.792626306631968647e-02
-1.377135644534988601e-01
2.390485362727284291e-01
-2.674945906874032220e-02
-7.555611905380301696e-01
6.547346377976240861e-01
-2.455499069977211402e-01
5.305091817925071673e-01
2.431945611797523554e-01
-1.518578373369768586e-01
-1.000000000000000000e+00
-2.660979388341084828e-01
2.056346980114525103e-01
-3.334039379448596185e-01
2.257136983862514656e-01
-3.701803513245901511e-01
-1.726876916783140203e-01
-3.162528713396608460e-01
5.992017849561670495e-02
1.911332391817949228e-01
-4.551089144352994387e-01
5.057487052478758516e-01
1.303782264346371178e-01
3.787065700059259465e-01
6.683954116292247782e-01
-7.890058839659425116e-02
3.857227282286888881e-02
5.001954638575757672e-02
1.169526246886933019e-02
-4.786548507138923547e-01
-4.325831400289662509e-01
-8.096668177103996111e-01
-1.454066941159502246e-01
-3.295425650203729906e-01
1.000000000000000000e+00
-4.196184222454851787e-01
1.855882547175865260e-01
-5.586852830360800048e-01
-1.000000000000000000e+00
3.526760405039558455e-02
-4.217717830725552508e-01
3.452512196154896573e-01
5.368290063015382918e-01
-6.369619045898149146e-02
-7.908551897805490283e-01
1.635165963802218680e-01
1.208501332989325994e-01
9.488179167164875194e-01
1.135323457778922851e-01
-4.864411043187198969e-01
-5.545469816916560185e-02
-5.676955831365696481e-01
-1.959635713077739760e-02
-1.653809793867289657e-01
1.623894873277952622e-01
-2.599757612455302347e-01
3.426712721450863586e-01
-8.386594656731997111e-01
-9.196511226512722736e-02
6.682137111898478476e-01
5.825661473985368488e-01
-2.719343758156591573e-01
8.177868035165186678e-02
-6.893274133045780572e-02
2.234864395257941116e-01
-4.759732633219739828e-01
3.717505493266400063e-02
-3.237403104753501237e-01
-4.870096397150973089e-01
-2.697001843265985910e-01
1.500742440337138883e-01
-4.184951407816891455e-01
-9.650818877093558790e-02
-5.077245588838652512e-03
-3.816913235681927419e-01
-2.663395002496328212e-01
1.549169172933760052e-01
1.645794363954539846e-02
-6.756150689913133223e-02
-3.478328299655183420e-01
1.000000000000000000e+00
-6.966190912902665844e-02
4.457093992951919326e-01
2.351204152297230454e-01
7.972638865367856487e-02
4.923024789320029626e-01
4.222256583234736127e-02
1.530540790175103083e-01
-2.960702704240590344e-01
-2.460731904077143040e-02
-1.078762440651817589e-01
-1.284328913437658148e-01
3.247848138757991054e-01
-7.630375029934071129e-01
-1.217721156583397857e-01
-1.873254178907999834e-01
3.317487169217349097e-01
-2.216686187460107371e-01
1.376261389437142268e-01
2.943923499663820831e-01
-6.352088338259158640e-01
8.780851464340888590e-02
2.667868904406545671e-01
-5.037844704362843817e-01
2.098156008431459052e-01
4.756211887662866594e-02
1.604474585171158929e-01
8.068962678736088523e-02
-2.575739869464079845e-01
-5.598970298211687346e-01
5.748193886767936078e-01
-2.700918415018304514e-02
3.884782731901585684e-02
1.894059114220811302e-01
-6.614896638865914724e-01
3.336547805320611015e-01
4.561520666845259031e-01
-2.033158259845264659e-01
4.838611257267280141e-01
-3.639098260796477802e-01
5.668473933711288826e-01
-1.870120789613840817e-01
-2.837669968305006618e-01
2.415616936951324178e-01
2.070421480883883336e-01
2.036396908366651382e-01
6.714289491063851756e-02
2.566573443003360433e-01
1.028270355392469082e-01
6.012678045799271787e-02
-1.313809369821267170e-01
-1.978422126463647568e-01
-5.233995860557205670e-02
2.028517391602089326e-01
3.488466212485302753e-01
1.193761326940229323e-01
-2.324589534692366941e-02
-4.791045653453799291e-01
-9.497733631381938268e-02
4.375389370267620537e-01
4.420333240066506297e-01
3.225871659473164010e-01
-1.146811967224130452e-01
-1.762360767448601373e-01
4.829015484387021440e-01
-3.428359015111789865e-01
-1.045128642988378542e-01
-1.552481266581784702e-01
1.000000000000000000e+00
4.703729392598567927e-01
1.080906866681958789e-01
-3.536257704215268194e-01
-1.524919629256084597e-01
6.355641314849584944e-01
1.703688149898064941e-01
-1.177447649060822943e-01
4.652049907235411008e-01
4.255686100816156170e-01
2.167470370089097098e-01
-4.966465480414549161e-01
3.048935194975680996e-01
-2.379747983733726535e-02
-3.288435384672963036e-01
-1.600488325882445939e-01
-2.906892957424326851e-01
-4.271540799513778297e-01
-1.000000000000000000e+00
4.066718145610073720e-01
2.190635456929508618e-01
2.214488595078783206e-01
2.774858134582616209e-01
3.068587902333214101e-01
5.437339206306324169e-01
1.583629324941168703e-01
-1.940986114431550169e-01
-5.479916258863231082e-01
-3.930335892501545803e-01
-6.704803128275034496e-02
1.656773534564778549e-01
1.573535954805130033e-01
-5.170730618444241422e-01
1.007449924959820109e-01
2.496715921614659495e-01
-6.610377876009487785e-01
-6.966180702689783732e-01
-3.053866792673585739e-01
-8.810988431603964388e-01
-6.696714756611595876e-01
-6.547434393971414135e-01
5.307259351099661293e-01
-4.326714167225635954e-01
-1.000000000000000000e+00
2.761762767781843486e-01
1.147699356201069276e-01
7.940900871097608116e-01
-5.829295369065856658e-01
3.065421987239573265e-01
-2.299959958186733322e-01
-1.580733052108295178e-01
3.558899849814465832e-01
-1.222498108413169748e-01
-2.560475722260509568e-01
1.596933946410586114e-01
3.271888387599216630e-01
6.868601355976486356e-02
3.999467621574432918e-01
-5.859183476182167061e-04
-3.999354208255071486e-01
4.557912529528942436e-01
-4.249453494845950585e-02
9.354886727882736341e-01
1.533109912410576814e-02
3.523682902491300784e-01
8.076567520995758809e-02
-4.579014702485532939e-02
6.665194055930954153e-01
3.714950305313254875e-01
-5.089840094433782935e-01
5.245093591672830291e-01
-6.790873145128775157e-01
-1.128320083469728091e-01
-1.449145793897536894e-02
-3.255924229122764135e-01
3.558454856531986787e-02
9.085682525363578121e-02
1.874967275466749572e-01
9.708491787500822534e-01
5.147195667624642201e-01
-5.620996301498317749e-01
4.091605505139246368e-01
1.427211421818097292e-01
1.642514393275158469e-01
1.000000000000000000e+00
9.185675675120683059e-02
-2.502089345078144511e-01
-1.061831724455005871e-01
-1.752136685737754052e-01
