3.639156176394647835e-01
2.381528302963079047e-01
3.256682439319450451e-01
-1.904074283173529947e-01
-6.184129129462605512e-01
3.859337212366838188e-02
2.685040522406693664e-01
-6.181014832851520202e-01
6.025263967501806039e-01
8.217660375199481448e-02
1.833377226348822941e-02
2.749310006163733222e-01
9.632887389095039221e-02
2.664194676713352861e-01
6.867932047246247951e-01
2.052434494956145716e-01
-1.666941534735472824e-02
-5.296358906499887276e-01
-4.020529927967247952e-01
-5.362430483990043850e-02
-5.454345797090243142e-01
-2.850031153043834919e-01
2.836116049426162244e-01
4.731370688768173904e-01
1.503759905829171739e-01
2.519392186265273503e-01
-1.931039353623703603e-01
1.673897174863263615e-01
-4.314746521083658859e-01
-4.530243352840684912e-01
-4.666516140518240929e-01
-1.199482086341636805e-01
5.920853042851834669e-01
3.908353892904419258e-01
1.711092912865664617e-01
-1.692860039055472943e-01
-2.915474605549570053e-01
5.657445204502182801e-01
-2.447878380511185614e-02
-3.485900370805635751e-01
5.875393432355977691e-02
1.032235873084162564e-01
-2.357394061513822803e-01
2.995281174744918867e-03
-4.570671573464821225e-01
-6.634416958784913887e-02
-3.268368029307650025e-02
-5.529773365602593804e-01
7.362005350047121088e-02
-6.204562978578345017e-02
2.403283333502845287e-01
-1.329203487336395040e-01
5.587962510569023378e-01
-4.858788080503575468e-01
-5.889190793653310552e-01
2.797716018441068209e-01
6.173603601533788066e-01
-3.741504512395992244e-01
-4.531172216406098574e-02
2.545232643437254083e-01
-4.010841370484626855e-01
6.194753271073691892e-01
-8.321315980103997090e-01
-2.690966458856259291e-01
6.045696194957338454e-01
2.671408148850896308e-02
-5.840655830094879097e-02
5.567976547592171643e-01
3.177109755500071575e-01
-1.517896272746114272e-01
-1.977783956653599295e-01
-2.057110103582103777e-01
-2.653197710076706795e-01
1.925168152241296671e-01
-3.071470278846993862e-01
4.062442696060509784e-01
2.051221600984912408e-01
-2.085760440033406771e-01
1.378887370238240928e-02
5.147335530990598818e-02
1.692140579049956628e-01
-3.278373005149636810e-01
7.279822290954302000e-02
3.731641806305422415e-01
5.185713607503413675e-02
7.158766776883696004e-01
4.942367370629747736e-01
1.000000000000000000e+00
-1.000000000000000000e+00
1.296110639781509200e-01
-1.000000000000000000e+00
-1.986808578160705607e-01
4.317557023545098849e-01
-2.373818306519626664e-01
-5.680050034761774391e-01
-5.696747570875926314e-01
4.437365859778048538e-01
-1.759291745002436735e-01
-6.635489387527344629e-01
4.101875782789112246e-01
-6.330017726612851003e-01
1.479453580480501462e-01
-2.172348560125914041e-01
-4.460679279253864093e-01
-4.935254915359218453e-01
1.691272181396330232e-01
-6.622912165028538301e-01
8.674721897062748210e-02
-5.746987216147118049e-01
4.309350405262080130e-01
-5.106012841562458382e-01
5.944327221011971307e-01
4.233289242108382866e-01
5.143782038855654326e-01
-8.818593845158418931e-01
8.111606408021377890e-01
3.096164465125458842e-02
-2.286541497170026249e-02
2.795032959355002733e-01
5.979655503820165974e-01
2.882737871414997599e-01
-4.218494769496186070e-01
5.214207617204261735e-01
-4.983509100778474865e-01
2.256560857449032564e-01
-2.281010420822258133e-01
-1.079937740506395349e-01
1.047451561230870395e-02
-8.219244392003204058e-02
-3.788654069266947921e-01
-1.843862427299020057e-01
-2.181988884942322460e-01
4.852995334622685064e-01
-3.907271192486705402e-01
-1.012670157211487121e-02
3.375784785694358470e-01
3.098427028418346274e-01
-3.247059078116125708e-01
8.286286865245866273e-02
3.218713930187834804e-01
-4.759293333722211528e-01
-6.547626229180867341e-01
6.784794175122119686e-01
2.925407363176339703e-02
3.173888143650830940e-01
-1.237460104146913403e-01
-3.458818804680629522e-01
4.471204035921489406e-01
-4.087378210497577546e-01
-8.156749752285559207e-01
-5.557085336743930459e-02
8.452277135424612897e-01
4.670869764194583995e-01
-5.568600508504445434e-01
-9.471954746290817129e-02
2.454498526702248440e-01
7.842969533722707887e-01
3.996379694211173450e-01
2.012119186544987226e-01
1.272983143964650510e-01
-1.403785064570405305e-01
-1.636798689218402214e-01
4.763786988889497365e-01
-4.925672433831990160e-01
-6.680641297956116387e-02
-1.604809667084670655e-01
4.362784790468902107e-01
-1.628320324504113903e-01
3.582739769233325711e-01
5.586220548739577740e-01
-7.985981636985073351e-02
-3.139873950707831041e-01
7.466446254833318807e-01
8.787873404517647369e-02
-5.132516705232109677e-01
4.537947838258451494e-01
1.249508536568151307e-01
-3.559937762118031701e-01
-3.339131171850447388e-01
-1.780892089931926103e-01
7.252035998858390176e-02
2.726507501846052728e-01
-4.431457040225389998e-01
3.862713708219482900e-01
-6.885412665061785287e-01
3.562339033972213853e-01
2.364638032841956949e-01
-5.505098127275837028e-01
-1.452783354693246709e-01
-4.151655347660597739e-01
-1.054253769993881151e-01
9.238648406153924242e-01
-3.918264452230173917e-02
-4.143336542313758031e-02
1.394848275986407260e-01
3.827082886892362035e-02
3.080734337202513662e-01
-3.761470315929194008e-01
-4.504194807243946941e-01
5.621387039777899775e-01
-8.345252287083124165e-02
3.053445957566223168e-01
1.883086763918643547e-01
9.865736395339527731e-02
7.933926967159989907e-01
4.367368335780043020e-01
2.030411383515914880e-01
2.461928093355665315e-01
-1.546642643845906329e-01
5.348661837809215447e-01
2.753124913716811228e-01
-3.007532433583088860e-01
7.326365904568716836e-01
-1.440506112448133313e-01
2.487133167367155395e-01
-8.786112874385694216e-01
-5.266991589760781078e-01
1.000000000000000000e+00
-6.156213543738289218e-01
-1.587005059478650559e-01
-7.683215276280164208e-01
-4.967739608309089117e-01
2.041009492023025396e-01
3.223275315604688662e-02
2.018640874396228080e-01
-4.916039162721766997e-01
2.737894971333003635e-01
-9.687723270890284677e-02
7.367705913614481794e-01
-1.576035275400925750e-01
-5.104908534346153798e-02
-1.532489150704191561e-01
-5.360876472602388310e-01
-1.600753084558207417e-01
-1.496090609560948859e-02
-1.000000000000000000e+00
-3.237485908876184260e-01
2.715195899842820504e-01
-3.271313323571759524e-01
-2.252326622447314158e-02
-2.821878717843642193e-01
9.906158884459997926e-01
3.304148438231776508e-01
-6.247482579828055327e-01
2.768363275298237891e-01
4.039232584970737783e-01
8.685328007111341453e-01
9.761823909733263749e-02
9.405804165523251603e-02
-4.429898262011789933e-01
-7.935387318910573917e-01
-6.582780787718228721e-01
-2.526595950275029590e-01
4.129322447447429933e-01
-1.186597601808569158e-01
-3.706372353307634815e-01
-1.804092003836531843e-01
-1.781511919796424370e-01
2.681976618856213856e-01
3.928694067165807574e-02
-6.602306024736315226e-01
-3.762396256374991171e-02
3.974260595510855643e-01
1.527116221646906968e-01
2.025089428910082923e-01
