-2.149864881298386293e-02
-3.850099355872762530e-01
6.013245758948738279e-02
-6.004949068080535357e-02
-1.798555069048124178e-01
3.133910696495043613e-01
7.718341970830249199e-01
3.184225304276672164e-01
-5.881511956344596115e-01
5.909693056475356920e-02
6.754905386906902010e-01
1.969689431079555408e-01
-5.346233660057199133e-01
2.982428657346261058e-01
1.848752344281081039e-01
3.778510860071562227e-01
-6.035787811710475320e-02
-5.682425607804996170e-01
5.744911940783314908e-02
4.184344013318553324e-01
-3.724045634920693515e-01
7.679485979407485452e-02
5.908437036445688406e-01
5.506263088978189391e-01
-1.159796882627436576e-01
-2.981987848809515840e-01
6.411928323146192099e-01
-4.512285336290048354e-01
5.586649542155477377e-01
-2.080511712834843541e-01
-2.463448742364748867e-02
-6.379661133582570365e-04
-2.851485359244391726e-01
-1.778630746051880207e-01
-1.107586298348194886e-01
4.905547428023254025e-02
-2.436406291145978287e-01
3.020174229101160179e-01
-1.143348747928741027e-01
-4.233840917888836985e-02
3.326860880182200830e-01
1.214262474740989972e-01
1.940348870272922688e-01
-1.149479306898587572e-01
1.021101290808507644e-01
-1.747021831613598114e-02
8.583132834300326308e-02
-1.512131393077081054e-01
3.595732045399748777e-01
-2.379015545684018962e-01
1.000000000000000000e+00
4.505440531656096370e-01
-1.992861007468950951e-01
-2.864527084349388977e-02
1.706445823118657168e-01
-4.464156822140660230e-01
-6.201976510868449644e-02
-3.817384072191495892e-01
2.739448413167566709e-01
4.563621175727934631e-02
-1.688225942691740089e-01
5.343110795339909291e-01
-6.005949204531708663e-01
-1.000000000000000000e+00
-2.327826654955780783e-02
1.238504399568342018e-01
-1.967007348422433743e-01
-8.265973075158591921e-02
-3.473566009203114119e-02
-2.624397907166807764e-01
4.363047682162493057e-01
5.198764961844162813e-02
1.089964516877968276e-01
2.694507648461897942e-01
-2.055682865080866450e-01
3.575291390956175097e-01
-4.827520082710191063e-01
1.452930337917497094e-01
1.509140229267098010e-01
-4.013293290130651725e-01
2.598817916477065282e-01
-8.437322232616372153e-01
-4.823444512196354284e-01
-1.000000000000000000e+00
2.450749586992641005e-01
-7.397035667448430447e-03
2.948205549006475135e-01
-2.828596385954649239e-01
-4.252491770982113062e-01
5.229577143981236631e-01
2.575399604659181496e-02
1.568797644692127569e-01
1.861203933200445970e-01
1.572361321876816764e-02
2.658535484639152902e-01
4.892115682869793009e-02
-7.417087549638551325e-02
1.982584508480315366e-01
2.596196317984550972e-01
1.222761607221378999e-01
-5.116029056316706569e-02
-1.366972440664875332e-01
-2.390988506920855572e-01
2.105108708206952783e-01
-2.396706742111046062e-01
2.635342616432180818e-01
7.317875178879672537e-01
-1.272782995138914131e-01
1.525353776968132458e-01
-4.309061066129361572e-01
2.659555306779229911e-01
-1.085613840379530959e-01
-3.346199912237649704e-02
2.270085596275129292e-01
2.712849477850681201e-01
-8.256182953373963906e-01
5.811640799196898105e-02
2.796029388102492796e-01
2.111030259264312370e-01
-2.419523963899680996e-01
-3.248307918337355882e-01
-3.192197755885061716e-01
5.452157828347330426e-01
-3.394309665833640244e-01
-5.521592358379186216e-02
2.919962732848954690e-01
1.583564930388926539e-01
-4.652799094415498438e-01
-9.735596984653996366e-02
1.033485533741581724e-01
-9.215184695178695040e-02
-9.559213915810654827e-02
1.186027354703745873e-01
-2.398592641038325146e-01
-5.696083994085422431e-01
-3.644547956864780947e-01
2.416632349329651819e-02
2.028212316384297442e-01
-5.316034835457914554e-01
-2.587909395190430423e-02
1.553193420999008853e-02
-1.310292978679769293e-01
-1.735275821604881918e-01
1.087475983040057659e-01
-3.717564481586306258e-01
3.165743958661038776e-02
1.507775914706094289e-01
1.039013066688232456e-01
-2.629640923780718342e-02
4.502885690739409918e-01
3.114297921875919251e-01
6.731746458943195233e-01
-1.325452621342582404e-01
-1.148469102649898599e-01
-4.327936754471371772e-02
2.263726841183417160e-01
-2.748216441478558147e-01
3.234702652862490035e-01
1.277612293269619892e-01
-5.030644748132591104e-01
-4.266757745090297704e-01
1.885809003808808781e-01
-2.270943497464565919e-01
-1.703767493931271915e-01
1.168922963982569480e-01
-1.975157563408422301e-02
1.241038605348641494e-01
-1.288204256801983305e-01
-3.029890893384588613e-01
-1.253483970098978606e-01
-1.000000000000000000e+00
-4.753518609672277018e-01
1.140098336642263593e-01
8.173023010706631508e-02
-3.908066161813903983e-01
1.922944229174433362e-01
-2.348264707414155217e-01
1.098214109740786038e-01
6.333268159728006053e-01
7.915188929552718911e-02
-4.534446360671771648e-01
-9.235958247398512455e-02
-4.288556852246814266e-01
1.544950006707289658e-01
1.000000000000000000e+00
2.483416801709287802e-01
6.366235247367074690e-02
-1.954775875684685582e-01
3.252645643288254451e-02
-1.045370189399485172e-01
-7.743803566967615015e-02
-4.321202553527546120e-01
-2.228333172465981893e-01
1.080218998925769336e-02
8.565600749771515310e-03
4.327987390509463461e-03
2.208789091473357391e-01
3.133412530776809313e-02
1.272671282175742158e-01
1.180224334606003456e-01
3.591842565826504630e-01
3.002421816559728285e-01
-2.072132605173319930e-01
-2.022713560757573026e-01
-4.718274217256023667e-02
-5.005479923072317927e-01
-3.685342085140899115e-01
7.694832413252637726e-02
-1.205821499279367409e-01
-7.861797267604135608e-02
-3.909115076239377262e-01
-6.116479253831237362e-01
6.657009727396984156e-01
2.803292890596420506e-01
6.693346782232645342e-01
4.042206085244246516e-01
-5.726828788991630836e-02
-1.100441235846105481e-01
-8.081520053606638943e-01
7.594121543891493853e-02
-1.618240661416404103e-01
-6.414821022673492523e-01
4.786556277137260507e-01
7.820796192933912594e-02
-2.547280114640444459e-01
-6.880613654781436717e-02
-4.741633114269306337e-01
7.011754677592227925e-01
4.633281015493897481e-01
-1.903988118051219147e-01
-9.794297637484020158e-02
-3.225534619275393505e-02
-8.809913497281957051e-02
-3.763607487360559056e-01
-2.348051012575258500e-01
3.903822552249428535e-01
-5.188594762997211784e-02
-2.921114321820351689e-01
-3.241179559955525979e-01
-2.567524319681866452e-01
-3.355506059722276890e-02
-7.193612611433811144e-02
3.823883071204700612e-01
3.367702104017898934e-01
-5.925536308453011047e-02
-2.128996924479320541e-02
2.453001910461256874e-02
4.719278629698822058e-01
-8.682163118812917524e-02
3.251901843123169433e-01
-3.038326105656686260e-01
-1.521137948394635786e-01
1.620901571416691056e-01
4.753503793377070741e-01
-1.313973250593343245e-01
-1.000000000000000000e+00
4.094719437703034370e-01
1.556863862581286395e-01
-2.432855200988873201e-01
-1.721300603294994847e-01
1.673714825328302958e-01
-1.207278339741941209e-01
-1.588138522718687551e-01
6.886475510348269435e-02
3.251643899557666445e-02
