9.012650112132740698e-01
-1.448165316192936425e-01
-9.687958728982341006e-01
-4.680742217346282597e-01
4.704570857107179815e-01
-6.650842822624367656e-01
-2.019718941476041363e-01
-1.986067973287937716e-01
-2.117406489366950861e-01
3.864458071779289239e-01
1.347218991519859577e-01
1.751179489091880259e-01
-3.644818262971559752e-01
-3.949220708725256768e-02
-6.621816574291454760e-01
4.065658483503881149e-01
5.373976330624202769e-01
-7.882455168601971707e-01
7.320522306131227452e-01
-5.395892230014645019e-01
2.935918796711176615e-01
-2.172404197477781351e-01
8.481991975105561687e-01
-5.920852639182537791e-01
-4.505532848896525167e-01
-1.336725699805377254e-01
-4.955410602113169416e-01
5.539063023514941841e-01
4.017990975440029200e-02
-1.452068140390829210e-01
4.547183487516051059e-01
1.236033047203656671e-01
-9.023047209907736343e-02
-1.032327723885876625e-01
5.091279883200759693e-02
-6.432947773587113227e-01
1.000000000000000000e+00
4.760166953806073131e-01
3.030478612370385294e-01
-8.562267075860692245e-01
-3.454788393348696696e-01
5.670687581604575422e-01
-1.000000000000000000e+00
2.725669571538896219e-01
4.042390571180355385e-01
4.535708367341931835e-01
-5.899497677838950738e-01
1.819535263788129853e-01
1.356377137211029760e-01
-4.956726030265296568e-01
-1.000000000000000000e+00
-5.299177126882383959e-01
3.450281873875871153e-02
1.806506398016121395e-01
-6.812500868547919364e-01
3.073279291269556124e-01
4.728860006029357299e-01
-6.198859811161769873e-01
-4.757142367224745372e-01
4.576172229363070221e-01
-7.868477087421209548e-01
4.075024853075032150e-01
-3.461997149927011352e-01
2.949343562677790853e-01
-8.432403450685722612e-01
-5.928685177600191425e-01
-7.872849310708430748e-01
1.723843672538131477e-01
1.651798745862918527e-01
3.170282600585914157e-01
8.253520848103541585e-01
-1.000000000000000000e+00
2.318119230525541308e-01
4.811213671150981197e-01
-6.865592264042231774e-01
-2.895579947098310125e-01
6.601794052265240742e-01
9.306207527611369823e-01
3.155409997729124449e-01
-3.073629613164970964e-01
6.684017924879299688e-01
4.618324447506346186e-01
5.253495538893008243e-01
-4.453905084621203048e-01
-3.112240355310441284e-02
-4.438124661217900391e-01
-2.608707572331155355e-01
-2.288328403449379489e-01
7.873628490095349597e-02
-6.003383003404018092e-01
2.010884683787961813e-01
-3.275153728981788359e-01
1.782845935975848062e-01
1.423223819370711962e-01
2.216070867370867614e-01
7.744221639695713089e-01
3.853244365867906085e-01
-6.972759203958414087e-01
1.101017801189215772e-01
1.000000000000000000e+00
-2.057471315195713579e-01
-7.263581970397990917e-01
-1.791404483059692299e-01
3.335237927871005370e-01
-7.614648093964030418e-01
-9.729072240427623364e-02
4.744212927447842842e-01
-3.434045155453271936e-01
-8.498904485265093567e-03
-3.720165879600907943e-01
-2.825869948037079693e-01
1.000000000000000000e+00
-3.937269437257939764e-01
9.390389491345124684e-02
-9.617523302091052217e-02
-7.371503964320853530e-01
-2.077314859849151985e-01
-7.025650329845479769e-01
7.481694057166888845e-01
-2.383308702902181553e-01
3.286435358614731017e-01
-6.779440888677390475e-01
3.374511875585342602e-02
-1.235166415342241752e-01
5.352458149798229314e-01
-1.579874954040096924e-01
6.795095989974104800e-01
1.162464127655577287e-02
4.161256480167586091e-01
-1.000000000000000000e+00
-6.713166437177906509e-01
-1.104512355962218029e-01
5.293081049951241235e-02
-7.240949952597559580e-01
-1.064470439562457682e-01
2.250598850356734515e-01
4.705828957204296614e-01
-5.989425173741841357e-01
4.381664723775497983e-01
2.936368996768042028e-02
-1.660333121017237568e-01
7.581888920874885196e-01
3.858735727652904401e-01
-2.709581517589413346e-01
4.500297312978510100e-02
-2.769710959458222543e-01
2.067929516198224182e-01
6.560821298606723806e-01
3.521778895436291634e-01
-9.292513851350908682e-02
9.943347223561108672e-01
-5.467653137463227564e-01
-6.438753577767376557e-01
-4.599444258791018925e-01
3.536780870326520776e-01
6.445837764539923131e-02
-5.707532218005380020e-01
-3.593938324093469694e-01
2.153232830885825622e-01
-5.843665675135057969e-01
1.545329129111046827e-02
5.760288486402943553e-01
-7.684898952390661897e-01
-6.455289498918843627e-01
-8.112499713696639247e-01
-3.682597594288960496e-01
-3.709994262086445116e-01
1.504150429441390158e-01
8.402861796820817464e-01
-7.934600899409933739e-01
-5.192598471985261366e-01
-3.273914151433079400e-01
2.260154474145767145e-01
-6.513960026692893202e-01
-1.049227379180455999e-01
2.378599961271499197e-01
-4.101846170072274700e-01
-2.421814734127282487e-01
-1.727270741679138299e-01
-2.351952988613965068e-01
-2.597835724497219445e-01
2.963112095499624843e-01
-8.586856794626246403e-02
5.468145731742208859e-01
-9.102903935138957348e-01
-6.316958739122391364e-02
2.390492885134593570e-01
1.297634934420510422e-01
1.699437554229315805e-01
-2.174754882205301443e-01
-8.200758522447563204e-01
-4.749242376175464297e-01
5.997844247201098433e-01
-2.247535262283897051e-01
-1.684200352218251373e-02
4.724181979379152851e-01
3.906376245417064741e-01
-4.179122083488271966e-01
4.072349379017953797e-01
-2.289310373063672133e-01
5.698208216348454869e-01
-5.169691744026876368e-01
-3.470890460480573481e-01
-2.780731343304250203e-01
5.119472571295886620e-01
-6.322050483843313362e-01
1.220614433659064635e-01
-2.215544553834261354e-01
2.233743322489311622e-01
4.314378736038103623e-01
-6.150090928699449844e-01
-3.461679605276890559e-01
-8.522844350159558546e-01
5.026883727751455533e-01
-3.673027185391729010e-01
3.044106917710097671e-01
-5.000166572953069766e-01
7.762444902754651599e-01
3.767817619474694846e-01
-3.826205043974544862e-01
6.154882443553337801e-01
-3.314288582090724189e-01
-1.000000000000000000e+00
7.374763052444965883e-01
-3.629552078473144427e-01
2.258401652181808716e-01
-2.920435879321888750e-01
3.883363055969251687e-01
-5.547057489369250360e-01
-6.752866960705378174e-02
1.743189569405240724e-01
6.614759126923742683e-01
2.728799041537027792e-01
2.585855434985490087e-01
1.436001931647959418e-01
-1.588143401911278896e-01
1.545417918218761066e-02
5.439942526929136823e-02
1.147582034254274186e-02
1.795004887675888394e-01
7.972770193344591583e-02
-4.105836816146775092e-01
-4.304610410675673293e-01
1.082690617744446471e-01
-6.826304780642690195e-01
-1.000000000000000000e+00
-1.277725203403914933e-02
7.500514375232898434e-01
-8.441160457174555487e-02
-3.747043090081197958e-02
3.950138474089152640e-01
2.097156755699344510e-01
8.537288270283309721e-01
4.433102780258728337e-02
-2.135805671518805626e-01
4.275872938028391079e-02
-6.925059439810932194e-01
1.912366518633345364e-02
-6.449615736526297383e-01
4.673618631355077602e-01
-2.855450863100325032e-01
-4.170146217169947572e-02
7.206148986782842103e-01
-4.236657863551568370e-03
-6.870259377207956764e-01
