-5.791883494685626799e-01
7.277036936538518186e-02
3.980673306906908904e-01
3.033179522058746524e-01
-2.527190776235592184e-01
2.832983774691743561e-01
-1.000000000000000000e+00
-2.635408168578365351e-01
-5.158230630990663368e-01
8.820612831996323955e-01
-1.000000000000000000e+00
-5.697380892793965090e-01
-1.298720880379875819e-01
2.006631343619533769e-01
3.971691591591697268e-01
2.307574223852368878e-01
-1.804830006871871728e-01
-4.836269178691143811e-01
3.977692435113774350e-01
2.677623636915371086e-01
-2.072311057277115634e-02
4.980990859017989658e-01
5.346526810138628460e-02
-5.202131296762075863e-01
-6.158552549376979934e-01
-2.791203270643895507e-01
2.668259433776905554e-01
-1.000000000000000000e+00
-2.003527603472319285e-01
5.279881157367094513e-01
5.039883690703481633e-01
2.116615928851655476e-02
3.152495182258046591e-01
4.790414238743123665e-01
4.365128841957010009e-01
-4.543757110634752960e-01
1.217126010419614102e-01
-3.562378346037981536e-01
5.523928110537148495e-01
-2.735469454561144098e-01
1.937555594934913250e-01
-5.368974763255439653e-01
5.491899371292856546e-01
-1.625526888975686868e-01
3.240061642725255986e-01
5.713592566851506405e-01
-1.200248830794371779e-01
4.927063235467189495e-01
5.221127257663444876e-01
-9.316854127199950542e-01
-1.000000000000000000e+00
3.368157647933316401e-01
-5.844639609935629032e-01
-4.977570585648414814e-01
1.117952476945256457e-01
6.069652602507793482e-01
-2.455782301793057176e-01
9.258251421165801798e-01
5.626407888751966402e-01
-4.253579361338347825e-02
8.365765319410549405e-02
3.464119365856227484e-01
3.460638525207792027e-01
-5.673138889537578944e-01
-5.086501961104391567e-01
-3.672978939583148028e-01
-2.707518211867436797e-01
-4.646887255097713609e-01
5.329445538693453610e-01
4.207366433273176387e-01
-1.777419927289033696e-01
1.439352033897576544e-01
3.283799955268305037e-01
-2.477407057698262360e-02
-5.652185634616181398e-01
-5.461764680651542969e-01
-2.052626531409496025e-01
-7.396287399454711808e-01
1.036102018757728838e-01
-3.975165984237370720e-02
-6.448199812522966701e-01
-1.580450914111671823e-01
7.834203080355184312e-01
1.370159513127356954e-01
4.172572102874069211e-01
9.095906049149197203e-01
-3.425349095737074689e-01
-3.825196123550090310e-01
-4.514191547569306184e-01
-2.091442888730203342e-01
-7.102691218778098836e-01
-8.256086968215814448e-01
-2.402139168089472976e-01
3.956862508085797203e-01
-5.615066227378724406e-01
-2.564955556966582173e-01
-2.276416739167060888e-01
-1.673240161216832389e-01
-9.022987880283422912e-01
3.910458015179981706e-01
-4.719404521402960073e-01
-1.830270247467442324e-01
-4.971534971137230308e-01
4.709625928544777795e-01
-9.273079809781356597e-02
6.435822221238139962e-01
5.711336336491316112e-01
5.891389013473474767e-01
-4.397280808384920192e-01
-1.000000000000000000e+00
3.268942187992596865e-02
5.806846417279442063e-01
5.071495147647626656e-01
4.232462237065850452e-01
4.704750222841994067e-01
-4.365065511146005717e-01
1.424536164170123742e-01
3.352411245866716849e-02
3.743175716358891902e-01
1.538548464751884615e-01
3.696400746457537828e-02
-5.936371757922463965e-01
2.696028700650254240e-01
2.580629790489249453e-01
-5.556145532415838195e-01
5.739316897474203705e-01
-8.853958830238448652e-01
-1.868074120762270793e-03
-2.949410811982601799e-01
6.345807064242926510e-01
3.264092322191638473e-01
2.641123653707780905e-01
6.154474245819000489e-01
5.304597827248737074e-01
4.863160650867400653e-02
-5.375547111925967902e-01
-3.251361881978256929e-01
-5.739516917852102162e-01
-3.620381939092995882e-01
2.471153558186549581e-01
-6.448269928711497512e-01
3.147577594445168103e-02
-2.226462039158147999e-01
-3.204730859359763429e-01
2.162372124611281476e-01
2.686343636900530019e-01
-7.342861559509143710e-02
-5.522843902297351615e-02
-1.000000000000000000e+00
7.657286676768422229e-01
1.479747507922642979e-01
-1.000000000000000000e+00
-5.004064309542580191e-02
6.961101204204318549e-01
-4.776439222283510033e-01
-4.533127886601129308e-01
1.519467994798988364e-01
7.185978523949261287e-01
-1.014319881692944403e-01
-2.221327045394370370e-01
-4.331642332443118026e-01
4.703965923443991226e-01
7.113662488016518903e-01
-2.639796479042406108e-01
-4.338824193534930873e-01
3.543124253285299674e-01
3.509297363261562053e-01
-2.048426367856058805e-01
-1.915419722734192920e-01
-8.525620053129183418e-02
4.624529502113035595e-01
4.682454894345948748e-01
-3.067284581423380119e-01
2.669719315808314897e-01
8.515654410375902983e-02
3.946281434436892388e-01
3.798744728854295261e-01
7.261325551207956641e-01
3.250598865933919113e-01
-3.225686059361891345e-01
-3.119297109896582154e-01
-9.571560706932297213e-02
4.682354543036194028e-01
5.107249747407598406e-01
2.904032566743865451e-01
-1.648470791486805753e-01
5.052504374157010814e-01
1.000000000000000000e+00
-1.527165581572787478e-01
-1.639488513423454849e-02
2.681059157392967629e-01
-9.016606559698563395e-01
-1.480161921319338436e-01
-1.993882298926215602e-01
1.000000000000000000e+00
-5.780426668768761100e-01
4.545855007685487559e-01
4.907528014855344622e-01
6.685912844122128551e-02
-3.742169459795789410e-01
1.245675522254336143e-01
2.812114261589228614e-01
-1.385427787047840975e-01
-3.250578686646848903e-01
7.360586980521511835e-01
3.410583948671959131e-01
-5.198080474633501868e-01
2.714546247911016341e-04
4.630858903926172720e-01
4.844555688243966651e-01
-5.163966688003535088e-01
-9.032974496278474152e-01
-1.111434675814638139e-02
5.723574238035742390e-01
6.190496427219981390e-01
-2.971071675802138268e-01
-3.558017297961272307e-01
3.420533709244993892e-01
-6.748580835946175194e-01
2.311492527512598594e-01
-4.991578738058397025e-01
-3.877168393097165655e-01
8.495261681462611403e-01
3.170361789043123490e-01
-6.557369844123145386e-01
-4.288051075152128355e-01
-9.664924894700017699e-01
-8.676821523306926798e-02
-6.433767122927616100e-01
-2.859640486220714761e-01
-2.237429364547572352e-01
-3.129344201815658089e-01
2.680138471732526062e-01
6.005574017395448605e-01
-3.174006866939930727e-01
-1.000000000000000000e+00
-2.244012072844517314e-01
-8.781395810368249899e-01
5.539705062037651728e-02
-2.746504640512469411e-02
-8.070524355180483944e-01
1.920779705344945743e-01
5.116141148681796480e-01
4.802309315596415829e-01
-2.893815335908627162e-01
-6.971627201468399981e-01
3.818993392809933995e-01
-1.519123505760440473e-01
-1.166139901410188917e-01
3.948490673003799412e-01
-2.893757991277752240e-01
8.046617444475110403e-01
5.652956392906274830e-02
1.637279013482703105e-01
-1.000000000000000000e+00
-1.148352253217068408e-01
3.516080872018141346e-01
-3.092153986565577273e-01
-3.493641342424553820e-01
3.435375772170826125e-01
3.970273839116765791e-01
3.349560254470079768e-01
-3.397941626759115041e-01
7.089952439476838730e-01
2.780700586649909045e-01
