-9.184579841731464744e-02
-1.920148164284775638e-01
8.629440177444516746e-02
-1.768004945042331646e-02
1.000000000000000000e+00
-1.767872886337130689e-01
-1.397517785768638277e-01
2.562615380790881914e-01
2.272032938866966681e-02
1.472414519277735756e-02
-1.564205836083062962e-01
1.365684400039368085e-01
4.624101238222403376e-01
-4.706109273281476602e-02
-5.654167915028753821e-01
4.984031149942420857e-02
1.081682993587461117e-01
2.734633863694840850e-01
4.042449318011452353e-01
-3.806048038821288060e-01
1.000000000000000000e+00
-8.151331501170486216e-02
-4.514353954108988320e-01
-2.186913473377646855e-01
1.032375597641358028e-01
4.733718247064767626e-01
-2.323013441549749702e-01
-1.796258968405089473e-01
-1.745390569239465561e-01
-8.818082014330728968e-02
-1.440393603190149863e-01
-3.237150624544237187e-01
-4.542438309680728592e-01
-9.241109164480255933e-02
4.889666863505404137e-01
-1.221288798836487333e-01
-1.623610388358635512e-02
1.923000475098834428e-01
-1.061576105369829437e-01
-8.240452232650521958e-02
-1.000000000000000000e+00
-1.385345543821154823e-01
7.827689455937461571e-02
-7.041454999659673142e-01
3.786470967786130792e-01
1.686506345202650747e-01
-6.996039892161248774e-01
8.433497955341334729e-02
2.924450694888058866e-01
-1.452307320975751159e-01
5.235859378025439770e-03
1.326208751575947975e-01
3.285095850864447331e-01
2.414691043181432795e-01
-3.205420808982580860e-01
1.791767394534436036e-02
9.227301153716985227e-02
3.068081145791749509e-01
-5.942868364349567223e-01
1.864940591718472485e-01
-1.582968749315439294e-01
1.236035612705351228e-01
-1.100081136854122454e-02
1.223954743025134351e-01
-2.415138108231739134e-01
-2.594970719721918090e-02
1.977979329037835021e-01
-3.925237234231195027e-03
3.688413505004746740e-01
-3.382554304666007261e-01
4.763971694067123952e-01
-1.702570277143179989e-01
2.000323105637002441e-01
2.359951610165799962e-01
7.290610665981216432e-01
-7.087330265147578912e-01
9.970197747124370791e-02
-1.397144190362101940e-02
1.490597716757415814e-01
-2.554624632084846469e-01
1.088362644833077708e-01
2.934192167016600461e-01
-6.061085985336173154e-01
1.404188866251615542e-01
7.144823190819873937e-02
1.794537089299412524e-01
1.729699719089886623e-01
2.838585334365431589e-01
-5.261946648515847258e-01
8.424126107258320673e-01
-1.162234215266955972e-01
1.630897867325764028e-01
-1.000000000000000000e+00
-1.635483396505159059e-01
1.293746239859971670e-01
-5.016179716180023396e-02
-1.002730281909372384e-01
-1.325040389507112781e-01
1.214794002774765291e-01
-2.327873776943374939e-01
-1.120951093214071631e-01
-3.428084646115375778e-01
6.914812269245719512e-02
1.318859302703994929e-01
1.697227499197528910e-01
3.824891294322769753e-01
4.546875969187282734e-02
-2.618779688917823312e-01
2.199625358420740501e-02
2.265165238880208487e-01
-3.741541279285354182e-01
4.661826469767574310e-02
3.719275543957872854e-02
-7.436050479095133170e-01
4.053926780109272654e-01
2.251523514225962641e-01
1.080239113522951100e-01
1.700664133497335750e-01
2.297940383677875981e-02
-3.848304061556806488e-01
-7.079337855893205050e-03
1.660399593283493763e-02
-1.506276126781795899e-01
1.000000000000000000e+00
-1.224754570117728147e-01
1.419638204980346319e-01
-4.989143415292668360e-01
-2.506973711885622791e-01
4.530070716335216074e-02
7.461383592887906868e-01
-4.620006290320503028e-01
8.527043790202311346e-03
4.925303482549512890e-01
-1.000000000000000000e+00
-2.215729932403391889e-01
-9.806888405729055624e-02
-3.531950635623475054e-02
-2.164223620581361418e-01
-1.698776816972678017e-01
-2.372554391787884687e-01
-5.667400115289068507e-01
-4.748119447542363813e-01
-2.243385409773039629e-01
-3.390006145775836255e-01
2.818996635149817465e-01
-8.125842598823221352e-03
6.032112789614842985e-01
-3.177421937604476554e-01
-1.482993121050071861e-01
1.802427621957314319e-02
-1.339828246740690787e-01
-6.911510571460437458e-01
2.338013806957486007e-01
-7.199563439766837325e-02
-2.143652668424057134e-02
-3.808162187135716303e-02
-2.880694004882405901e-01
-5.033982075820431223e-01
-4.286932530486224635e-02
-4.598661207137447887e-02
-2.790155843807110569e-01
2.327020012033739760e-01
6.096612701313473132e-02
1.257462910460882544e-01
1.415431981481403700e-01
6.607875524119839750e-02
1.294915619698253084e-01
-1.064938764961879392e-01
-7.312650940126157184e-02
-2.446202998658310590e-01
2.272760043560009546e-01
1.100747354846063897e-01
3.501578459549115063e-01
-5.713330829620788531e-01
1.029236515640198288e-02
2.514525795898216176e-02
-5.805838676699925233e-02
-3.071959113853613421e-01
-5.897657704829111225e-01
1.317524272967626753e-01
-3.683802516240901603e-01
-2.813600176997382851e-01
3.492473000776280534e-01
4.645836144611929092e-02
-1.459331594668102361e-01
-1.638983306652344596e-02
-1.873469843682868952e-01
3.066335567409297358e-01
2.888356663780863309e-01
9.654258574216295630e-02
-1.538944946224464760e-01
-1.921984000698097883e-01
3.636032032969939709e-01
8.045541968007174916e-02
-1.572904640723067071e-01
4.450863379106786977e-01
-1.947726343234842256e-02
5.587150099371145373e-01
-2.182258439779576342e-01
-5.780005566665492589e-01
-7.921618685352121991e-02
-1.797475574859483394e-01
-1.143509283899467321e-01
-1.189289936254981361e-01
3.511515021444009399e-01
2.745011639929746949e-01
-3.006967387294308125e-01
1.604961443210057570e-01
4.908644226176397951e-02
5.464975381694580081e-01
-5.992640780279193669e-01
-3.752470521142494131e-01
3.575174893959645606e-01
3.438880519304456929e-01
8.729285085088456242e-02
-5.598188774763079856e-01
-5.673424414309089503e-01
4.231682169159650675e-01
2.134134070336406869e-02
4.273882198796778720e-02
-4.628050468178346311e-01
1.729322752812256780e-01
-3.653182165040174123e-01
3.977116852056510055e-02
4.109749088054566180e-01
1.801472211388018829e-01
-4.980475481262291310e-02
8.977396092241159975e-01
7.668877043656768810e-02
1.785389227585651994e-01
5.496413270529276057e-02
4.533903866758056678e-01
-8.838926031972527478e-03
7.810593242758088195e-01
3.602390842369432855e-01
-3.853641643751850587e-01
8.481090108853783782e-03
-3.799283642080451551e-01
3.789347627176936073e-01
-8.218691604825614783e-02
-2.349173036054482688e-01
9.950730543953553719e-04
-4.423921399446312241e-01
3.118402989614565968e-01
-2.714971257040718622e-01
5.108298980057290883e-01
1.699888605582708379e-01
3.596726252535594193e-01
3.256419637202329076e-02
4.385222927762594258e-01
-2.629014999462914171e-03
-3.949434684498415865e-02
2.231083377816683311e-01
-1.002092041886725460e-01
-6.167246862150206344e-01
1.453010351556576207e-01
-1.445456134238042589e-01
-5.290748749895696212e-01
1.669266895435208564e-01
3.982784340064046136e-01
-1.425789432567505233e-01
-3.186933412311891978e-01
-2.865331410072022855e-01
1.475446946971515072e-01
-7.750370909707647582e-02
