-9.244382441362355429e-01
1.855833289023157695e-01
6.004879432562573172e-01
-6.202967676368040806e-01
4.871408062895439262e-01
1.000000000000000000e+00
2.024538051670533023e-01
5.251751081252471476e-01
-9.382896630337020372e-02
5.180096707419400148e-02
1.000000000000000000e+00
8.859971231122226731e-02
4.049842392525602186e-01
-9.090485420547234074e-01
9.052251881901475228e-01
8.443186153372816971e-02
5.963626521035766404e-01
1.596742556380732758e-01
7.879806528226398488e-01
-3.691308219104841304e-01
5.941686805057950771e-01
2.891127979942450521e-01
2.770455499275771838e-01
-8.986698269993123045e-01
2.778933734237938880e-01
-7.190267302548113415e-01
-2.102201507380503653e-01
-5.059577953795595384e-01
-2.871267818283478324e-01
2.307590323786894992e-01
-9.473283074295029138e-01
-5.873496913354475657e-01
-8.529865670662709065e-02
-3.929792864519165985e-01
-3.943720420448752761e-02
3.191505366044808389e-01
-9.201711841357235189e-03
1.000000000000000000e+00
8.116342449793667591e-02
2.255007747591542822e-01
-9.357777851708809491e-01
5.414532102954343618e-01
9.159955229535481358e-01
-5.924236985245982801e-02
3.931220911171393051e-01
-3.693309104905542206e-01
2.649223923201900199e-02
-2.189352181645128348e-01
-9.302113810323009435e-01
4.403587597332530579e-01
8.165718674784632203e-01
-2.818130182268847872e-02
-5.581162598339682868e-01
7.961681598894627676e-01
-3.144451551969983383e-01
-3.134623483872186478e-01
1.892917270213569370e-01
8.369172059596758917e-01
-3.211052239151006571e-01
-6.263800437001801891e-01
2.575381038165603931e-01
-1.969925018819352128e-02
3.611207410223397085e-01
3.311988736844761472e-01
1.000000000000000000e+00
3.105901617945193080e-02
-1.660014058442977822e-02
2.168714940748481257e-01
1.942376039959110567e-01
1.402290290744037382e-01
1.990038607516922686e-01
-6.263459645110053264e-02
1.151146156455672143e-01
-4.937388387975690240e-01
3.970319707266252163e-01
-6.493193892686613955e-01
-4.740543919895710556e-01
-2.351221494338438800e-01
-7.465146695989369752e-01
3.048186362722787313e-01
-4.548288938801431924e-01
8.705291813263241196e-02
-3.860835240937563473e-01
4.576710806271895582e-02
6.696474916960782897e-01
3.083688799557384175e-01
8.306396171414717200e-01
1.154774646985785302e-01
8.160063028285120534e-01
4.552208309578188450e-01
-1.220087512946993330e-01
-4.825242501572200582e-01
3.611938666299304712e-01
6.622423201023996953e-01
-5.910101064483076483e-01
1.443102582123272637e-01
-4.724928521841797457e-01
-7.150104117667828163e-01
-2.552148279314344625e-01
-2.242824908723151656e-01
-1.292403043488279946e-02
1.825287422050494990e-02
1.563930447959806236e-03
-4.710653419869711978e-01
8.310773501073941416e-01
-2.588235949027703486e-01
1.000000000000000000e+00
3.215968407726937928e-01
3.982802093819570732e-01
2.120519453520890441e-01
1.297579618536331414e-01
-5.544786521453848316e-01
8.433319193804366121e-01
-2.718839782453940646e-01
2.113244695061870099e-02
-5.949739046763344863e-01
4.280570710385024347e-01
2.242395112529657064e-01
-8.234101584297162657e-02
7.434523774946761865e-01
1.000000000000000000e+00
-5.595206286533302986e-01
-5.985490984962308358e-01
3.561868782176544901e-01
1.000000000000000000e+00
-6.883479278346406049e-01
1.801983018053837371e-01
-4.119544845068781602e-01
-1.178621612495439896e-01
-5.416276622806157071e-02
-3.200278142875208065e-01
-8.685926146095054312e-01
6.389727091864183528e-01
9.574664237490593255e-02
-1.537206115780228866e-01
-1.692229658952997262e-01
-1.817374275274166173e-01
3.873369403617277773e-01
-2.152145202528793488e-01
-5.071186431122897131e-01
7.811198993333787755e-01
5.360669834636416775e-01
9.251470801277597578e-03
-2.018925192498597365e-01
4.476972542187073190e-01
6.332841152292207898e-01
4.405105415854788653e-01
-9.571042953416272203e-01
1.016608948742140361e-01
7.477298064029852531e-01
-7.013139520143658601e-01
8.587789057689813044e-01
-3.631221463266728344e-01
-8.962818115046818912e-01
-4.317199613736033559e-01
4.967662578394971828e-01
5.532294120119698455e-01
-3.148710678347518277e-01
7.172795440566588354e-01
-5.435076812202855878e-01
5.125614061777536978e-01
4.403726876716675398e-01
-1.823418071987694677e-01
4.017347920246840953e-01
-8.016959175093436862e-02
6.473689421231287877e-01
-6.503098982741161160e-01
2.617952490939454702e-01
-1.968785056448889570e-01
-4.658359307715181363e-01
4.335698082846733969e-01
-8.520881867549755517e-01
2.401379471450061642e-01
1.947654292608919646e-01
1.310937830378698377e-01
3.859657250432770859e-01
1.877550966688260881e-01
8.002161497448806449e-02
-1.000000000000000000e+00
1.612321879573313244e-01
-6.355241710201531280e-02
4.068939393038941699e-01
-2.877197396448154532e-01
-3.008500252773911310e-01
-2.389828180595123669e-02
8.353051039661796295e-02
8.963518915520971575e-01
3.491687946305156443e-01
1.121848374259606235e-02
9.426860581007203699e-01
-6.404770876076466557e-01
6.457331065418007165e-01
6.932426149971434581e-01
-7.783357052931663134e-01
-7.682603891423918085e-01
-2.197735610901964676e-01
5.386566556718850318e-01
4.640697441796126643e-01
-1.036623963146199312e-01
7.212342572285282416e-02
-2.651609544617374858e-01
1.864650764276906958e-01
4.716425237394987202e-01
1.347058791522331433e-01
-3.649879809231861005e-02
1.974777973744207826e-01
-7.951873991264952757e-01
1.830781724548871947e-01
-4.684610253863323304e-01
8.354433480694456460e-01
-1.000000000000000000e+00
-6.212979491497779838e-01
-6.253479744093218273e-02
-1.169145067006667482e-01
6.161821016766295678e-01
1.409809802322305461e-01
-7.605086595502087432e-01
1.225464535186124998e-01
-5.666048161291741270e-01
-9.838917403442981602e-02
-1.484303543367644640e-01
-1.000000000000000000e+00
-5.236146618237613737e-01
1.748800157035244884e-01
5.031735283604795717e-01
-8.388857807783392517e-02
3.076787049149077302e-01
-3.080172143604233415e-01
-6.854682473639347462e-01
2.127012276513395306e-01
8.000574578004103488e-02
1.214197192873908149e-01
3.140082246961167778e-01
-4.597271520862388633e-02
-1.965390254325006525e-01
-2.541007560490637363e-01
1.931898344375103105e-01
4.048133857309197947e-01
-8.908564937786683791e-02
7.987161113231369125e-01
3.016408158856645483e-01
-9.826411695325262818e-04
6.903865518422880321e-01
-2.601666774789703762e-01
-5.237718489834326530e-01
-1.000000000000000000e+00
2.485050873674509442e-01
-3.803915176823595423e-02
5.555595447231321815e-01
-4.328317985051973737e-01
-1.912717923789721275e-01
-1.863439319623150514e-01
2.779998995769935588e-01
1.733617894625584244e-01
-7.897154509134899358e-01
2.770605381320653260e-01
-7.598265424743032292e-02
1.437311599468602263e-01
1.969597344624586799e-01
-5.620382845768038260e-01
-7.465257247716443612e-01
-4.259738595332664968e-01
3.580891324603865250e-02
4.823077385465578404e-01
-4.763337084572797364e-01
