

gen best mean std
0 0.507614 0.050616 0.187328
1 0.507614 0.128051 0.166458

gen best mean std
1 0.507614 0.128051 0.166458
2 0.507614 0.187577 0.178814
3 0.510204 0.212048 0.185346
4 0.510204 0.270601 0.169485
5 0.662252 0.290074 0.18804
6 0.662252 0.335642 0.183316
7 0.662252 0.361472 0.178232
8 0.662252 0.359674 0.169405
9 0.662252 0.390488 0.158588
10 0.662252 0.368136 0.186136
11 0.70922 0.367456 0.176327
12 0.70922 0.367654 0.188267
13 0.689655 0.392617 0.170338
14 0.689655 0.403016 0.16416
15 0.689655 0.393923 0.176417
16 0.689655 0.39341 0.172512
17 0.689655 0.381746 0.177755
18 0.689655 0.389396 0.180316
19 0.689655 0.371618 0.201172

gen best mean std
19 0.689655 0.371618 0.201172

gen best mean std
19 0.689655 0.371618 0.201172

gen best mean std
19 0.689655 0.371618 0.201172

gen best mean std
19 0.689655 0.371618 0.201172

gen best mean std
19 0.689655 0.371618 0.201172