1.000000000000000000e+00
-7.521728047988059940e-01
-1.485780530119798493e-01
1.830511334484570540e-01
-8.190216626845229220e-01
5.619799642710832099e-02
-2.572724886970714775e-01
3.152049875167673987e-01
9.268480832829605331e-01
-1.198569297955937168e-01
1.140047217786372413e-01
-1.155543453328665149e-01
-6.861290789822949154e-02
-2.264479604860576145e-01
-4.356581985149758363e-01
-8.580627771840594331e-01
5.260167024739716979e-01
-8.980825458453106647e-02
2.206777332196555585e-01
-2.365307837710312611e-01
-1.926504356914504612e-01
-1.000000000000000000e+00
3.511183982332510278e-01
1.311763600092674398e-01
-4.055781344998642401e-01
-2.546798327690410479e-01
2.475496463644184797e-01
4.708600160897942200e-01
2.651479412024398963e-01
2.846547877151077155e-01
-3.189205667286696411e-01
-2.966955165584949650e-01
-5.181017380506406367e-01
-1.000000000000000000e+00
-5.715059812417611074e-01
-8.649870472901255436e-01
-3.741911702279016594e-01
-6.460530761226797036e-01
1.925151698056739302e-01
5.381056654106909365e-01
9.404943826580937360e-02
4.993934284855239270e-01
-9.934291655681896926e-02
-4.209727207718647612e-01
7.757454376315001676e-01
-3.853845667915723472e-01
-2.963891148035091572e-01
-3.436892290960072427e-01
-5.935166616574837767e-02
6.581752565653445908e-01
1.261144024351049109e-01
-5.685366802610934966e-01
1.142254128090939569e-01
-1.753432372781040249e-01
3.641075772079511719e-01
-6.058289266971461640e-01
5.255965875718335845e-01
5.241809960551222503e-01
-8.860782669635623998e-01
-1.490587274551127828e-01
6.819891762370654531e-01
-8.084710409677274834e-01
1.009124223637065110e-01
1.298201775934709756e-01
6.208194607882580041e-01
6.608447550912937007e-01
-2.677796957135980538e-01
5.158082924047655560e-01
5.435034446444074741e-01
8.651082936007543217e-03
-2.633448333298755162e-01
-5.650045310895095152e-02
-6.061251402866756344e-01
1.924967290043846369e-01
-2.404068967790498890e-01
-2.417654868084775088e-01
3.272195547005057187e-02
-2.725662627453915299e-01
-2.725725412301541195e-01
-2.491567274344891891e-01
3.956782705657398980e-01
-4.057512276609719776e-02
9.263242483674861694e-01
5.092563743544046284e-01
1.357308730476650405e-01
1.728181657818484707e-01
-5.674213396669713916e-01
1.105670702158207813e-01
-5.846192938487983909e-02
3.057759097002489268e-01
7.934855391101705568e-02
6.816240995431926963e-02
2.487855766278269376e-01
-4.173860713362478325e-01
3.974987997963622677e-01
-5.623736112658196395e-01
-3.732352422495541777e-01
3.757799175339311404e-01
-1.943372721173406426e-01
1.759273307845354850e-01
-5.873404296779165534e-01
-2.928702019135376658e-02
5.940571398805302161e-01
5.025893575584678974e-01
-7.653845384863514623e-01
7.945627637785179775e-02
-4.039336348688694622e-01
1.486645870667299696e-01
-7.663080967866164883e-01
-5.139368391823928572e-01
-5.282222889934232724e-01
-5.832453461369484504e-01
-1.000000000000000000e+00
3.938618548164348199e-01
-2.786581278751333879e-01
3.341149296799404977e-01
-1.886357202439307712e-01
4.782378714378192619e-01
1.159912247903958221e-01
-1.564044100344638144e-01
3.548340735125751211e-01
3.509341559091017637e-01
-2.316506040915730646e-01
-6.638467997248024277e-01
-8.078013134413447593e-01
2.424908555431192214e-01
3.991284389679668476e-01
-5.975513629857044373e-01
1.092097986753589600e-01
-4.863759552485043547e-01
-1.000000000000000000e+00
5.207161833651776650e-01
5.487281022960675131e-02
-5.042083235185381707e-01
-9.185534442257767274e-02
-4.715062603916970740e-01
1.000000000000000000e+00
2.313012962818531970e-01
-2.533054844599020861e-01
-1.000000000000000000e+00
3.713864268219181919e-01
2.158677874865236601e-01
-4.949467005863487090e-01
4.201602406856757010e-01
-5.813575311264232992e-01
4.734773267632456650e-01
6.084184554967665415e-01
-2.159665454704911003e-01
-6.843679752038227537e-01
1.079428136418398784e-02
2.182046311346743511e-02
-2.613943917904736347e-01
-3.161473709584030484e-02
1.675941097570040894e-01
-2.756747540836336219e-01
-8.379746715667344414e-01
-1.257911255668809902e-01
-2.989723035376194368e-02
3.639171578970166188e-01
-1.000000000000000000e+00
-9.491513559550932011e-02
-1.878160719295201286e-01
-6.195598585947063031e-01
-7.148059422721728673e-01
8.186267506024754725e-01
4.820999094176607325e-01
-5.725006350936654234e-03
1.000000000000000000e+00
9.555859162693678410e-01
8.400515682985990606e-01
-2.732060204536994608e-01
-9.425718764782159420e-01
1.167969846495521408e-01
-2.685720211439974747e-01
7.162027174022486120e-01
-2.075288238329584256e-01
1.154450264206550864e-01
1.076752030979952895e-01
-2.923382276672853441e-01
1.344211164702436012e-01
-3.957802523343247059e-03
2.520532085565672098e-01
9.906137543218057617e-02
1.353342736114355183e-01
-1.745168134759740308e-01
-3.934405423840225263e-03
-1.863308418372267572e-01
2.701643742841724483e-01
-1.000000000000000000e+00
8.496070124125615353e-02
8.082847012524491115e-01
9.115630210303391490e-01
1.000000000000000000e+00
-4.445302821390808568e-01
-1.055902497732692930e-01
5.722366905052178598e-01
-7.812450576757183907e-01
-5.057037940632260753e-01
2.231556956526377644e-01
6.234300098190234118e-01
-3.046522078100132383e-02
3.692575517806792607e-01
8.048464756599791325e-01
7.747438447264422268e-02
-2.391217454972303369e-01
-2.816070543961248646e-02
-3.921605359974505989e-02
4.483369633725322045e-01
-8.305772646670960269e-01
4.194275803545417097e-02
-1.000000000000000000e+00
1.729194960781143819e-01
1.856832449823231646e-01
-1.336240008615610375e-01
-2.350737876450736952e-02
-3.208487808954407772e-02
1.099077789534169958e-01
5.014557239483411477e-01
-1.000000000000000000e+00
-1.000000000000000000e+00
-4.098975151537374018e-01
8.122083721014591307e-01
5.864584708756742648e-01
4.185997615333930666e-02
-2.915583661357368794e-01
-6.201842965063580904e-02
-3.748951519080089001e-02
-3.453522946269926841e-01
-9.111052616478051980e-02
3.249753860185794485e-01
-9.177153343334722990e-01
-8.454814320428046814e-01
2.295888877292170671e-01
-1.000000000000000000e+00
7.672891641204551694e-02
2.093161605737473285e-01
-7.392215557012918881e-01
3.869051010370330723e-01
2.006730914890595130e-01
9.427974435381237805e-01
3.183275000575935820e-01
-3.733627242180032058e-01
3.546009231632133996e-01
-7.232465407459247597e-01
6.541342821165169186e-02
7.301418987120078530e-01
2.041975588694993349e-01
1.365076134780360273e-02
-1.428781821862923906e-01
-4.879543570721892043e-01
-4.200967721776459052e-01
1.758614964890141963e-01
3.533043791540427803e-01
2.823744540941466180e-02
-1.445649629871687547e-01
9.738238617733943059e-01
-2.340970734411794707e-01
1.525124688506349635e-01
-2.222242934610054732e-01
-1.233154806461578268e-01
-2.805409801808569220e-02
-3.270359157112100457e-01
5.443353561873421897e-01
4.472209105030054976e-01
-3.513506220268047819e-01
