1.909686524115044581e-01
-1.999339126281564905e-01
2.320228055175852233e-01
3.090362697796696922e-01
-1.065335786553441577e-01
1.142660786310416010e-01
5.028752931461071274e-01
-7.799983973273411086e-01
2.632901910071702156e-01
-2.725597312043697706e-01
-6.515151679271913299e-05
7.378185398819090413e-01
-4.257883617270740162e-01
2.458576874307136229e-01
-4.153431952345760791e-01
3.976712840508334068e-02
-7.406137970162565698e-02
4.911212514987716715e-01
-8.202581268855072549e-01
5.433826565702826183e-01
-3.316390960885073902e-01
-6.715190442096383161e-02
-4.894448568419121348e-02
4.006989450685340959e-01
-4.019273735254131896e-01
-5.256306540105186720e-01
7.951392766309900439e-02
8.880329117844558695e-01
2.747308624311153302e-01
-2.358216743917254665e-01
2.277390598324622317e-01
6.471470691723613111e-01
-9.747292754609446774e-01
-3.927855776582255820e-01
-2.883535184705353638e-01
9.323804878968881826e-03
2.347762543690484482e-01
-4.049383379753768719e-01
-5.805994939044991643e-01
5.806153378988990754e-01
-3.938984917322510548e-01
5.978009134767463956e-03
-3.276154097185632330e-02
1.225138398765291403e-01
5.466662520627787458e-01
7.545607347733499504e-01
-8.973107260705248667e-02
1.321770882288810511e-01
3.105917091500160487e-01
4.810949538481276017e-02
-1.654206077371428441e-01
-9.112277178914078568e-02
-3.900286205035828901e-01
1.704235709179778013e-01
-1.000000000000000000e+00
4.928130235387540581e-01
-5.467687208108590324e-01
-7.450255138066388394e-01
5.576424782617989129e-01
-6.883734965063788014e-01
5.448970620265298770e-01
1.000000000000000000e+00
-2.202749305859471596e-01
-2.880346388940500102e-01
-4.940636448659623259e-01
1.000000000000000000e+00
1.938370175207011492e-01
1.416187119239179226e-01
3.556773499362655966e-01
2.805785809269916165e-01
3.510427674449084767e-01
1.220309274913905229e-01
-6.946697314374232768e-01
-9.520480462279388156e-01
-2.227287091753839543e-01
1.552036989415131463e-01
-3.216022554615872164e-01
-5.338809630081774449e-01
5.945920332616687620e-01
-3.416277008724966091e-01
-6.479956695087909502e-01
2.929260139728179224e-01
-1.590249469803844962e-01
6.499432741991134632e-01
1.666017910234255939e-01
3.606977565775281169e-01
2.927237773477935345e-01
4.517802557972248056e-01
6.178081288308194807e-01
-2.564587853006030649e-01
-1.810966285707582002e-01
6.205442235970183296e-01
2.743305314994748390e-01
-7.314926247522899327e-01
-7.978961595865392553e-01
1.885851704278808660e-01
-7.776950089044164516e-01
-1.339618857520709361e-01
-6.350616962876002303e-01
1.184559482913047634e-01
-3.994017148379311322e-01
-1.287530378192073832e-01
8.548760710468053525e-02
1.199893177349253270e-01
-3.899516684910749875e-01
-4.221902391910189456e-01
-9.122930933014286592e-02
6.212502321408604200e-02
-9.468404704202706273e-03
-1.689482519404610361e-01
3.447013633882324291e-01
-5.682303227341822804e-01
-3.048520163722125143e-02
1.000000000000000000e+00
-1.807885313983319253e-01
2.017068423182953041e-01
-5.197080589373002102e-01
6.107969503458313826e-02
-2.246369150585042496e-02
-3.261833896486893147e-01
2.098341481478131487e-01
1.694890532232204705e-01
-5.129423880155514759e-01
3.460808645748486012e-01
-3.505299787076077145e-01
-1.186455807198489032e-01
-5.428445827025731862e-01
3.994935598138330546e-01
-8.516387183966256380e-01
1.954605763140014607e-01
-3.539634315678077958e-01
-3.046878493109164143e-01
-1.511078886284128453e-01
-4.240771697327747614e-01
3.264243413734421173e-01
8.425062303710472156e-01
-3.249772673938700063e-01
2.151551466706339844e-01
-1.199681135737699772e-01
1.000000000000000000e+00
4.022197384511021490e-01
1.624489327174500619e-01
4.813407434328891288e-01
8.515610162263202720e-02
-8.122728249344829399e-01
2.269752590478038845e-01
1.677066629530061803e-01
1.000000000000000000e+00
-6.986114315346877435e-01
-4.800795487212220491e-01
7.039126157246333726e-01
-9.805777266062436492e-01
1.000000000000000000e+00
2.124718423782157306e-01
8.260152291715974204e-01
-1.098226809239523233e-01
-3.397159880281492850e-01
4.032484458282413753e-01
-3.235811559684891314e-01
5.672549645479134650e-01
6.760778659733028828e-01
-6.910013895403017692e-01
2.424604742726908235e-01
2.283404726963741971e-01
-6.189425520586277346e-02
-4.928668338989083963e-02
-1.423933769950950778e-01
-3.050799432226388164e-01
3.262562279661213038e-01
-6.650795718378954557e-01
-2.949577338541081173e-01
-4.236439539000775301e-01
-3.318863122859146975e-01
3.839421627828891737e-01
-5.563755102964773602e-01
1.197845368014958944e-02
6.504504334575270663e-01
2.177008660049370992e-01
2.045751725268148413e-01
5.072653654544071467e-01
2.695739653126799640e-02
-2.434359489868115067e-01
6.750077007057937450e-01
-2.766813876306997155e-01
3.799508883550442584e-01
-1.676033929153643021e-01
-2.101810861267761898e-01
-1.600942276536097553e-01
4.867758512533404414e-01
-3.381914607015576446e-01
7.591489740030232802e-02
-3.823569474345613339e-01
-2.673650743773126615e-01
-1.727677200015540482e-01
3.931251080183588709e-01
-2.427799137040701216e-01
-2.303577269223682500e-01
-7.885602810049987532e-01
2.955535798009881754e-01
-4.802091836998976238e-01
7.079064485026729248e-01
3.717433566580411464e-01
-2.480630085171702248e-01
3.647425310931448617e-01
3.075685800830949002e-01
-1.275538600078444662e-01
-2.297529492818362884e-01
-2.363641728273910836e-01
6.509534706764789069e-01
3.962992151246109707e-01
-3.726501721622581531e-01
-7.942550690101111144e-01
1.458463559124720255e-02
2.144810788402272683e-01
-3.244827432299354220e-01
3.149102489496596879e-02
-2.402362964991313354e-01
6.091716913225282415e-01
8.906768135359179883e-01
-1.000000000000000000e+00
7.057959155121593664e-01
1.799345237812121634e-01
2.240349288419141716e-01
1.536412464350878637e-01
-2.076609365053689593e-01
2.056712263525876661e-01
-6.217496703742978470e-01
-1.213292509388608914e-01
2.475921985326655084e-01
6.237908275358019505e-01
-4.973589965370504018e-01
-3.292111498084723253e-01
-2.503632666576459109e-01
-8.495248986595752005e-02
3.185964726993874285e-02
-2.051899207144439186e-01
2.021249144652721708e-01
-1.608556279253443022e-01
3.594432247622327825e-01
-1.000000000000000000e+00
7.295305306938848489e-01
-4.366949815614394603e-02
4.487825420956651490e-01
-2.740822838759883751e-01
8.132153978738840827e-01
-6.448271300320643773e-01
5.391870098236110215e-02
-2.471601959169171248e-01
1.000000000000000000e+00
-3.097615143978814656e-01
-4.829652393211613659e-01
3.681882872215426206e-01
5.267139528847848418e-01
3.591254023964347564e-01
8.147744804470603563e-01
-4.733922444342261171e-01
8.059421832793589591e-02
-8.002381714856490191e-01
4.685794287665037139e-01
-4.431570818148913293e-01
-5.653739272125521409e-02
-3.678423012769386213e-01
6.389309857923131108e-01
-2.991721670301625835e-01
4.359804503794838526e-01
