7.691477103415896854e-01
-1.000000000000000000e+00
1.716851192014694771e-01
-1.912998176472969769e-01
3.884589410003858045e-01
-2.255222189603578731e-01
-2.471029994908079952e-01
-1.290176928826462788e-01
-4.025574102776237062e-01
-8.979261675039935942e-02
2.068284884785728250e-01
-1.026059694552767243e-01
-3.544154380439324403e-01
6.463893088222542882e-02
7.018587785359080566e-01
-2.372351088952593945e-01
-1.439860805798196808e-01
2.907502585925698657e-01
-5.440987586039209845e-01
1.412818708924583611e-01
-7.049197990233697642e-01
-2.036475807870019861e-01
1.814276794210932797e-01
4.727304615268912436e-01
2.214675635406144760e-01
-4.404476625789564559e-01
2.035552391182071930e-01
-7.518843026643753924e-02
2.301385824176032935e-01
5.640414643346088053e-02
-1.734542255789866261e-01
8.969855350160191310e-03
8.036804330025830445e-02
2.521850670791632165e-01
-5.509548983363397046e-01
1.946194341092782332e-01
8.462633839475405817e-02
-1.001137508368243473e-01
6.061007062306786319e-02
-2.540694429269762522e-01
2.089980950470920196e-01
-2.257879447022599906e-01
2.022010121713269104e-01
-2.423371097569854693e-01
-5.378216300284416329e-01
5.392854394883826903e-03
-4.768769779742130788e-01
3.342116710721707573e-01
3.466934691970022797e-01
3.447106828483376129e-01
-7.419650694214172115e-03
1.000000000000000000e+00
-1.971575282241309623e-01
-3.251337203361342465e-01
1.235836192594318844e-01
-2.789470891085351623e-01
4.591984894175238363e-02
3.638624531261579476e-01
-5.045547485593212533e-01
-3.517873139800167248e-01
2.612138123721147731e-01
1.931721044080364214e-01
1.240832740541190637e-01
3.154764535596803893e-03
-9.780097243719275690e-01
2.480700302753596070e-02
1.651309363055263393e-02
8.938402617847205356e-01
1.747996786085464493e-01
-9.259708069127144114e-02
1.736368953529768833e-01
-9.686580785974963081e-02
9.780905299293261024e-01
-1.365835068878255010e-01
6.027662950334242709e-01
1.278970455211516366e-01
-6.394050573644196600e-01
-3.297804386280041022e-01
-9.052862745795564603e-01
-9.767835534212505888e-02
-1.000000000000000000e+00
1.512328416159902655e-01
-3.248302930865476501e-01
2.078523363541093516e-01
1.000000000000000000e+00
-2.156826742108709227e-01
1.062584468622148615e-01
-1.004921023422569726e-01
-4.058513498310600820e-02
-1.785533190303033035e-01
1.940101292211946771e-01
-2.796949002376187265e-01
-2.022614303637658706e-01
1.000000000000000000e+00
-3.575392291010923151e-01
-5.992702190855721950e-02
4.235156456342897835e-01
-3.613581557056914084e-01
3.124791954795477084e-02
-2.423744485993106768e-01
-8.511096087915099861e-01
-1.487411165204097219e-01
5.355208230200536601e-01
3.005996966675419380e-01
2.087961858424892958e-01
3.554904941374999461e-01
4.783367201417568770e-01
2.730311997781794120e-01
2.177101842665861431e-01
2.878556251304406066e-01
-1.000000000000000000e+00
1.846618873151820855e-02
-4.975477196181549711e-01
4.476114288847125033e-01
-1.128290556047149840e-01
3.998879321559694611e-01
1.781783187839607319e-01
2.658881747538432982e-01
2.001275576312925297e-01
-4.534888099433923014e-01
6.359881008931007607e-01
-1.600368627780257014e-01
-2.817844873431669672e-01
-3.520766097335327749e-01
-5.647172083622481464e-01
1.337946623441351179e-01
2.757633862591538643e-01
-3.603492376150462806e-01
-8.289426653474687989e-02
-1.065275225036563800e-01
1.684678061088865642e-01
9.127438851363392502e-02
3.153608317175932152e-02
-3.784596291405532831e-02
-2.645372332603191379e-01
6.872469609386702150e-01
2.840720965621228444e-01
-4.958817277118934275e-01
-2.359075767201960216e-01
1.000000000000000000e+00
1.674574937091652116e-01
8.713274411372322614e-01
-1.710539822686965306e-01
-3.480443481757022894e-01
1.622978969754873546e-01
-1.025083834353917173e-01
-1.074983938469412370e-01
1.541523898154131822e-02
-4.194939239274250165e-01
1.409406787586864884e-01
-1.284009519471437377e-01
-1.596501091320513821e-02
2.615814883367665322e-01
-2.656776859623354303e-01
1.035587929943127261e-01
-7.260527543638826131e-01
4.610259019844717421e-01
-1.917077925947964223e-01
5.781138893018167302e-01
-1.352356569027236555e-01
-5.231540232881917718e-02
3.251171959183427052e-01
-5.944682619992212036e-01
5.400850087932590471e-02
-8.528176169413112517e-02
-2.478854984790182514e-01
4.190856967277032941e-01
-2.437189559280183992e-02
4.678370929856975335e-01
-3.388000318253939214e-02
-2.128571762687075930e-01
-2.193763130954227147e-01
-1.833661105260252777e-01
3.872233569865206615e-01
-2.966733297689855275e-01
-2.440028377756574829e-01
2.867164687626320152e-01
1.648423374925828411e-01
2.285815293554343264e-01
-4.292316208291701018e-01
5.626509625156432826e-01
-1.000000000000000000e+00
-1.286676758841331647e-01
-3.899250826193372266e-01
3.228466927850493495e-01
-2.888877704499797083e-01
2.761069599971938127e-02
-2.271148077990545189e-01
-5.245927397104378775e-02
6.130575194716489373e-02
-8.317376876966362520e-01
-1.345206006101807572e-01
2.419497117798140029e-01
-2.805344107437289236e-01
9.513687378845268883e-02
1.972528712997057565e-01
1.398369938789002509e-01
-3.423831256284685098e-01
-6.522046292372130072e-02
3.534775444100101138e-01
-1.417997655400130286e-01
-4.057970271265738393e-01
1.568637974147752967e-01
-6.954914773338428668e-01
-2.999889638889355337e-02
3.810476923112416925e-01
-3.020691129996276869e-01
-3.054753747993969037e-01
1.327815063515433436e-02
2.772857671033528842e-02
-1.633189628806491767e-01
-6.680378641199358203e-01
6.561983477977801904e-01
2.783072289627047113e-01
-1.000000000000000000e+00
-2.967728420938757494e-02
-5.189801208735389526e-02
-1.795777845024229824e-01
-5.245299833323749938e-01
3.340344641027108707e-01
9.184759804091189306e-01
8.238375579395260107e-02
9.352475090039700234e-01
6.414582943099602641e-01
5.251153250314032073e-02
3.988705446823535006e-01
-2.796653463541933782e-01
2.340359502492188326e-01
6.740246540280886434e-01
2.513885024622016240e-01
-5.387085652293601701e-01
-1.706757332177589181e-01
9.061469239787716123e-01
4.851020760543016674e-01
1.347787572810832391e-02
-3.115189711470082723e-01
-7.226800814915100568e-02
-7.888438478787865304e-02
-1.168330065427672232e-01
3.102642300365398564e-01
-4.959613047864483981e-01
-1.493345912117916008e-02
1.563298731640786615e-02
2.438806173158774848e-01
5.659514119193934795e-02
-2.457041096860539398e-01
-4.113256845532112932e-02
-1.263029202279768171e-01
1.514300905786297446e-01
1.517816272501543162e-01
-3.200447260930686655e-01
-7.219310283180013776e-03
1.399458232276681313e-01
4.292385694007421759e-01
1.772161770332918995e-01
-2.085770118564492584e-02
2.322356521467476287e-01
-9.858290006788422710e-01
2.058752066041750206e-01
-2.034277333580908620e-01
-1.958808041880943929e-02
-5.566397556492654886e-01
-9.341383136969899637e-02
-1.000000000000000000e+00
1.000000000000000000e+00
