3.538766966926320395e-02
3.166155523542468209e-01
6.197476510271879291e-02
-9.955287115771953577e-01
-4.723623869029506817e-01
8.990398121557126032e-01
5.400051146530179258e-01
-3.259002128961582256e-01
-3.266770470351570976e-01
2.813708721575161609e-01
-1.466874745904693245e-01
-1.637787614304846984e-01
3.519475528397364994e-01
-5.550648199614549583e-02
-1.619540686485560488e-01
-4.981706270864547093e-02
1.000000000000000000e+00
6.052121569332598039e-01
-6.338429155604116683e-02
-7.196645717495252503e-01
2.623874219787019069e-01
-5.783792337408746320e-01
5.297449193729447670e-01
7.382074389983446228e-01
-2.463948346115290566e-01
8.775503398085960916e-01
2.903944431361632494e-02
-1.000000000000000000e+00
-6.825606222702669257e-01
7.649223588431091070e-01
-5.823898067116952681e-01
-2.264748792121125676e-01
-3.805194056349877063e-01
3.887435921865761701e-01
-4.117932942830320187e-01
8.242275995969818858e-01
1.463853178100088526e-02
-1.599121285177290339e-02
5.405592546944161247e-01
-2.693669937628598299e-01
3.922198447747517469e-01
-4.216540477505643647e-01
2.575202674040237838e-01
-7.196936744433322097e-01
3.493468338988054978e-01
-7.158705694898019889e-01
5.738457228910900376e-01
2.547633465687640930e-01
1.468351307867976352e-01
5.387926663597685240e-01
2.986421093054879572e-01
-1.853443093913362261e-02
9.952737674016861602e-01
3.059579466560120586e-01
-5.218139652887352486e-01
-8.163744576314807544e-01
-6.697405532996811295e-02
-2.047807659572705719e-01
8.477433622438712568e-01
7.048625347376520356e-01
-1.000000000000000000e+00
5.334939986941362733e-01
-3.785819884794853207e-01
-1.755448920297139059e-01
-3.156523068981945679e-01
3.749083013537566345e-01
7.209144785766286034e-01
-1.000000000000000000e+00
9.600914816098923832e-02
4.712908245755882408e-01
4.883507224070935404e-01
-9.970196315908832485e-01
3.540535650794566780e-01
-1.975968525611906390e-01
-1.000000000000000000e+00
3.911043026628046038e-01
-4.327583245158494463e-01
-4.081398687003853221e-01
9.978934315976941694e-01
-1.002442817697545979e-01
3.488680860504911330e-01
-1.478164362553761602e-01
-4.963369267560376885e-01
9.974273017299712940e-01
-3.277267471501842389e-01
3.175419055865723594e-01
3.924638591341328420e-01
4.777176864886675811e-01
-2.390690903560468983e-01
9.220979344258098953e-01
-3.411491145171897665e-01
3.118397951837811877e-02
4.958059466022281536e-01
-4.702515849189044250e-02
-7.005669328349704017e-01
4.560372330347059466e-01
8.491645682033387432e-01
2.546969957153845110e-01
-6.215810005129607241e-01
-1.000000000000000000e+00
-3.429485962776185892e-01
-8.359704406550069189e-01
6.087696435398852746e-01
9.111375092565708878e-01
3.460477314030806495e-01
-1.761771859218609904e-01
8.455900933398433628e-01
3.043625603988520112e-01
1.574928692558045240e-01
-8.159511911858809974e-01
7.974029625117291520e-01
5.612039532564900846e-01
2.786975687765846574e-02
8.216560198422300232e-01
7.714672936867070785e-01
2.054375295370919341e-01
4.660858948205439667e-01
1.169159739518057239e-01
-1.724500779582688326e-01
5.775151469161589057e-01
-4.904194808201189359e-01
6.871355186969947682e-02
1.578612446679965586e-01
1.769929800894390892e-01
1.427774745816942081e-01
2.122970653796435458e-01
-1.671506555059822097e-01
1.264047678922873286e-01
5.038149845291861606e-01
1.907943292556944226e-01
-8.892282627105958515e-01
-3.643066197238323256e-01
-2.020463047548821112e-01
-2.160684710431445277e-01
-2.523294491407216955e-01
-1.199428358675827533e-01
-1.543628136816460050e-01
4.350416387361011328e-01
2.216770266026198422e-01
7.468786023549518482e-01
-2.822476363217512607e-01
-4.975661633772316406e-01
-9.962009884410818472e-01
3.153542742995143477e-01
6.758684542060831024e-01
5.489967037933835697e-02
1.932640640302513146e-01
1.565539532672465817e-01
7.975011359683470413e-01
5.022337542744282901e-01
1.909412853895599560e-01
-6.410863330055578402e-01
-2.343119031167352484e-01
-8.027410748534399287e-01
-1.700120533893498820e-01
-1.166929336808252837e-01
2.848075325015380077e-01
4.920766236642793584e-02
4.400292996958392044e-01
-5.684706943147420644e-01
-3.938234130683971324e-01
5.552600024705823811e-01
3.503261453757702260e-01
-2.374764742030899267e-02
-1.326672721749936890e-01
6.989174136008435845e-01
6.348684682384849731e-01
-5.120581830137094226e-01
-1.706161893766874604e-01
1.223256576499852227e-01
7.656323383083887268e-01
7.609238855252378197e-01
3.525118932168005426e-01
-1.000000000000000000e+00
4.846362876305336798e-01
-2.190094574104730074e-01
-3.943471107052056723e-01
2.197610415106483056e-02
-3.849259811604576753e-01
-4.717966157751974920e-01
3.556651927189539153e-01
2.336641504061794383e-01
-7.543857134787097518e-01
-1.237274800880783232e-01
-2.618594557832618630e-01
8.882345559495242737e-01
7.011857017960603233e-01
-2.949379146755115588e-01
-1.082826219371708920e-01
-9.720420448155449034e-01
-4.423438341105095373e-01
-4.458336477650819418e-01
4.762315929057048258e-01
1.731219945835355545e-01
-5.012708383607049623e-01
2.848403632294151389e-01
7.257444115035303067e-01
-4.304924803397965349e-01
1.587505457999247860e-01
-1.641067022075393123e-01
-5.829913814785307735e-02
3.701049377470490565e-01
-4.766786061557723997e-01
5.453764889172383334e-01
-3.446178480997016402e-01
-5.679969106684040758e-01
1.056726857335410497e-01
2.929289822794666209e-01
-2.148321775236287368e-01
3.382318612218438575e-02
-3.064090893113726177e-01
-6.070011031219780390e-03
-2.701500152535938892e-01
8.844903285711021301e-02
-1.503163132901167917e-02
-1.734855049729573939e-01
2.125967663599373503e-01
-6.208710615775937525e-01
3.872163395478623454e-02
-1.000000000000000000e+00
5.160576646936647638e-01
1.874260734543439222e-01
5.679064078390674286e-01
2.698265625011665031e-02
-9.953731976178716856e-01
-8.122395411362808293e-01
-9.456558895802343878e-01
2.086856169034499442e-01
1.899999749827669393e-01
4.458158209080235190e-01
-7.186078965625675163e-01
-4.700991904222396323e-01
-6.606571072688394164e-01
2.818854090457841299e-01
-4.749900675064696598e-01
-3.891172312198040717e-01
-5.815455194391092597e-01
-9.078376805134784344e-02
-3.306112017471196651e-01
2.204105167503198626e-01
2.517448210570096823e-01
-2.037138562025222199e-01
-1.898070769855088047e-01
2.349646517333962015e-01
-9.994129116710809280e-02
-3.486437241693880751e-02
-1.431413453069575181e-01
5.019623963581050230e-01
-2.879911898024898331e-01
-8.071473393952792730e-01
-5.460948098387851113e-01
4.525059363343897356e-02
-8.033533773896368579e-01
-3.959272118890975189e-01
-5.530177831022251578e-01
-1.246888269067452093e-01
2.480027229824573465e-01
2.943819913237689101e-01
2.838170036683642095e-01
-5.739299177943004704e-01
4.997349902316051695e-01
-9.954049116545665710e-01
3.710921781800048391e-01
1.000000000000000000e+00
4.176442179340222882e-01
