-8.020950622748407310e-01
5.147282623035439597e-01
2.971200172156295283e-01
6.559959786962342720e-01
8.186447531297204039e-01
4.252901801853739006e-01
7.068471844402511861e-01
-3.269399047005241421e-01
-9.208075768125073557e-01
-4.473868521985761015e-01
-8.142773457781704582e-01
-1.485374928097149202e-02
1.828055731193141686e-01
-3.447180386708269539e-01
6.456778164045777757e-01
-7.515019310201819236e-01
-8.542749374001645801e-01
-6.705640815081148620e-01
-4.514866962647965387e-01
1.000000000000000000e+00
-3.452883935698892182e-01
5.524941520772067571e-01
-4.795415299611009985e-01
4.768842292869134858e-01
-1.785684847309119694e-01
1.367173859407230241e-01
-6.766413254082374040e-01
4.415955429052768055e-01
-2.460693703067710625e-01
6.922733794481812364e-01
-6.454524847425908707e-01
-6.286783119916772300e-01
2.570581716789184790e-01
8.301373474817266285e-01
9.134164555278753150e-01
6.204438466118935569e-01
7.378861203479998299e-01
-2.554327496802097364e-01
5.200269594405676488e-01
-9.155501088428454892e-01
7.974916570467398547e-01
-3.961733020565008090e-01
2.431142452349272787e-01
-1.711594625640118494e-01
7.058790478492558140e-01
4.612394685142898743e-01
7.194953586305595783e-01
-7.206433663612169527e-01
2.876941356870745814e-01
6.626109678090005284e-01
7.108378583005725559e-01
3.970012777885833510e-01
5.364508677004183879e-01
-5.393241411940292718e-01
7.988415650719563610e-01
-4.927658636870198006e-01
5.665386746099220217e-01
-6.560531181959957658e-01
-5.662415087861795149e-01
-6.442606472557006470e-01
7.593989381724337573e-01
6.558541920857471341e-01
-7.266428613466815456e-01
-7.517077478129844392e-01
-1.000000000000000000e+00
8.220545949013446929e-01
-8.856038548885111217e-01
-7.874361627774797423e-01
1.980927405915981487e-01
-9.594043121457379586e-01
2.946391453867479582e-01
4.686595531387176966e-02
-4.784322256654143790e-01
-3.362095208224144538e-01
5.616408710925197001e-01
8.854292426805875360e-01
-8.480560206776934784e-01
-9.081481043018663213e-01
1.402015186418305026e-01
-6.886817922252542745e-01
3.215084497096582505e-01
6.646857458636822036e-02
1.180030340402195566e-01
-7.099351984802260151e-01
-7.345287268388505098e-01
8.403552539151675216e-01
2.997768119726401670e-01
5.504615218701532919e-01
4.308769124363561187e-01
-6.145553075688655609e-01
-7.390306497241500017e-01
2.712584458269260979e-01
-2.358725358313503717e-01
3.527504733882322885e-01
-9.353795633722228331e-01
-5.581656201109083115e-01
3.820967459163711610e-01
-3.580743494950561212e-01
-6.621536551404111348e-01
5.977950778190894709e-01
3.908385796116968236e-01
3.164100449249872549e-01
4.133829959133628607e-01
2.630118153682240445e-01
6.644022562485619732e-01
3.649399004602989494e-01
8.295739731599964806e-01
2.895962151661962691e-01
-2.864546493097889779e-01
5.738376436830471272e-01
-7.454865731005977381e-01
4.346811759645806683e-01
1.834037096996961047e-01
8.928066436243503601e-01
3.113973318961805320e-02
8.935186579294073228e-01
8.505467891409598247e-01
1.704073502286033714e-01
-1.215554617219718747e-01
-1.426278275870291323e-01
-7.061574338640771442e-01
-7.001479740542636554e-01
6.329471602248301076e-01
1.012528596225576033e-01
2.550201573740228933e-01
3.079266889130526930e-01
-5.798744412866601028e-01
6.293798571950718346e-01
9.037042955244980469e-01
-5.362080888551601365e-01
2.186153656169319559e-01
6.590064482522965672e-04
5.685596188294137487e-01
3.877809836259429321e-01
-6.827445308016444336e-01
-2.775612641984039897e-01
4.653904870515001013e-01
3.151277458594455849e-01
6.852753577102516092e-01
-3.095776066234183221e-01
4.503989026591241895e-01
-8.445230949579861646e-01
-4.640340074876749821e-01
-6.798215694916688312e-01
8.148462097475559496e-01
5.932344294213082181e-01
-8.355760438811729029e-01
-4.120603536715768123e-02
-9.670354484470620182e-01
1.213922765537291809e-02
-7.325601265055361466e-01
-1.761625264666062951e-01
2.009929996637814520e-01
8.807109019099939040e-01
-1.984542270387303076e-01
3.381245144570511618e-01
-1.766359894931682495e-01
-4.512726548327880005e-01
-1.467680977045469903e-01
-1.988056452921248274e-01
4.181215544602578937e-01
-7.611508380871390145e-01
2.362814168488048261e-01
2.032626062643131670e-01
8.700598567995817545e-01
-1.040576605509853092e-01
4.994736389841014645e-01
5.996072254680350211e-01
-4.635466523216821844e-01
2.680087169661993229e-01
8.102019454380751662e-02
-2.121306379339120418e-01
4.994553177074045891e-01
-4.469910171432281421e-01
-8.215414761697622525e-01
-8.193067134357774339e-01
1.000000000000000000e+00
6.935180234096735008e-01
-2.755808848787485998e-01
-2.180718998849965340e-01
-6.648229564697758498e-01
5.880152294859780637e-01
-1.000000000000000000e+00
6.275819302448522041e-01
4.571867836624038950e-01
5.567032455281434311e-01
4.923362940806244592e-01
-8.662196259956786992e-01
4.985027895009734866e-01
-1.239587130122588171e-01
9.729729083559202074e-02
1.887414584923342853e-01
8.311125099617275858e-01
-1.694078728460485239e-01
4.287306196507605915e-01
5.931971722757432008e-01
-7.451716513196783298e-01
-2.394465317363203283e-01
-1.540499122165770729e-01
3.245184963263678668e-01
-2.869582318072911448e-02
5.215621428249249680e-01
-1.794486545756594775e-01
-2.657947645389417968e-01
2.222004919875360252e-01
-4.541582195837704505e-01
-6.973882107133272390e-01
1.226994738098449028e-01
-5.575563380867012420e-01
2.505757258267855003e-01
-6.171144725908257467e-01
-8.030327255567112354e-01
-7.106587642293551998e-02
-1.802447176746809765e-01
-6.952495767765750623e-01
3.551098706242714065e-01
-8.321502359027247442e-01
-3.457812869094586267e-02
5.114821801113283994e-01
-4.049680936810656218e-01
-6.610354460318671466e-01
5.206604592031102152e-01
6.379026674739114444e-01
-3.619905986150796506e-01
1.775032505833902263e-01
-1.368427632232810734e-02
5.456114573761157160e-01
5.918308533139819971e-01
-8.220140456386538785e-01
-2.653899482811624688e-01
-5.398522985830095378e-01
-9.135574232325706090e-01
5.249708742839396258e-01
-8.921163034785190016e-02
-4.360801489586956792e-01
3.725792638966923809e-01
4.886371259211336748e-01
7.190133184921159160e-01
4.645935599604953392e-01
7.033158710416236303e-01
6.168980817782014903e-01
4.453944209659225217e-01
-2.142284362884599169e-01
-8.684255418410612437e-01
-1.621052754463033485e-01
3.783826979788688094e-01
-7.747385598785250238e-02
-2.821294132931737586e-01
8.080605729229789480e-01
-1.919334310403041644e-01
1.681197855551945231e-01
7.438500820620710385e-01
-7.146282179606981977e-01
3.184896200047609288e-02
-4.882329040561388389e-01
8.318332448783181121e-01
2.072483346747771571e-01
-3.195968712300201742e-01
5.539631529479828176e-01
-5.595848072686353536e-01
-9.227596495363026285e-01
3.643013795195939042e-01
3.444705563801934156e-01
-1.734167313231383123e-01
3.107481891840276900e-01
