-9.442587490346919799e-01
3.189345648128801003e-02
4.765862862369977804e-01
8.185131541238837016e-01
1.802673863011594602e-01
-8.850279491104449114e-01
6.829642266969132569e-02
5.003876059144600763e-01
-7.954291321776105761e-01
-3.173072258226478093e-01
2.948162739770316190e-02
2.332103769733178122e-01
3.389146811437623863e-01
-5.323454478628110165e-01
9.773215587358736745e-01
2.450192175150470719e-01
4.076108547527099724e-01
2.151320245043703006e-01
2.904300588036478614e-01
-3.789401988096138818e-02
4.027867228616377471e-01
4.727975477302357454e-01
3.157106301495678502e-01
-3.209515940334854434e-01
6.660041997668304098e-03
6.724076263745534243e-01
-5.202200156942212717e-01
-4.400380534483365191e-01
-9.954902750037751824e-01
1.585032149704724835e-01
1.738489303224335578e-02
6.009667860660872218e-03
5.108083997508560126e-01
-4.050920203713742063e-01
9.117168323653737638e-02
9.765327063286071141e-01
1.228779340254344543e-01
-2.550503973492940224e-01
7.645474518925455820e-01
1.306167854552098828e-01
5.079826459530365490e-01
-1.245339648847627878e-01
1.100122812347438805e-01
-7.956265083665782500e-02
-7.613496362988967370e-01
-4.205245219685103120e-01
1.791113978031046439e-01
-1.777385388772789176e-01
-9.800403122615335416e-01
-1.535226225239530728e-01
4.309368423909265555e-01
8.144936655934989500e-02
7.812640920091969976e-01
2.840459513827691129e-01
-7.459183331074514811e-01
1.000000000000000000e+00
4.042718360755633844e-01
-9.857523499166866987e-01
1.469825757002906630e-01
-3.298788012347732557e-01
6.608005866130156614e-02
3.383072118114573423e-01
-5.195382487530258997e-02
-8.164381905821582741e-01
-1.751379129285169090e-01
-9.277880901097157462e-01
9.860070174389372610e-01
-9.848576406266180694e-01
-3.932223164829208306e-01
-2.931108195463808519e-01
2.530374471882470555e-01
-1.757966537137738983e-01
3.611626129830940446e-01
2.683104739527675253e-01
2.083148757326592770e-01
-4.854230161967788559e-01
-5.046933167418622412e-01
1.183948127202854028e-01
5.836710811834869977e-02
1.748394689831384019e-01
3.622224532924042673e-01
-3.307348000169397229e-01
-9.785834576674721230e-01
-5.972527918055627882e-01
2.024013292624597948e-01
-4.026037623550468569e-01
3.256627705595060429e-01
-3.485486379937176582e-01
6.066554812876934211e-01
7.425331306087814554e-01
4.127910044060044137e-01
-4.888383055482152795e-01
-2.022183164822184409e-01
-5.989990342824671465e-01
7.558634547504093915e-01
1.236937615588173389e-01
-9.847992185258568343e-01
-1.254921145317512421e-01
5.236099009090415812e-01
-1.000000000000000000e+00
4.545811413625044928e-01
6.259396259908494020e-01
2.067313962640024982e-01
-6.970886667376305912e-01
3.865344181291985315e-01
9.983707531013356201e-03
-6.049902613479648528e-01
8.648431005563607388e-02
-1.578787034970307035e-01
-2.833752986581347111e-01
-7.755552325599905927e-01
-1.767526907458742969e-01
-5.546530233836217960e-02
-5.577726250309481548e-01
5.644100928090187708e-01
6.248750574459055462e-01
1.551476203370536489e-01
3.948503345496807704e-01
1.958108419644857823e-01
3.522158994885252192e-01
1.000000000000000000e+00
6.819183080286281839e-01
-1.322297053099662500e-01
6.875321640085128028e-01
2.127040690912498366e-01
-3.272082715540465259e-01
-6.355559248437002429e-02
-4.538307075653752465e-02
-7.662999352631469918e-01
5.419197764649564819e-01
3.961620441544089766e-01
-7.768506668806191007e-01
-5.305986546023111483e-01
2.743260089704254168e-01
7.726579915673754684e-01
2.722225525265499768e-01
7.269513426644524934e-01
2.171228123743074723e-01
2.258844913572537472e-01
8.046516431539174619e-01
6.407237750870893311e-01
-8.915505229649073327e-02
-6.929627253348769056e-01
5.187781626857230766e-01
-7.891719014142452027e-01
5.683107173480657082e-01
1.000000000000000000e+00
-5.304346847975036638e-01
-9.835195085539387705e-01
2.557900212591221467e-01
-4.556134433008319773e-01
5.044514078604209889e-02
-4.975339377694100451e-02
-9.730441630337889336e-01
-5.160242665745241875e-02
9.301161866126250732e-01
-1.025574508442658045e-01
5.216488517272129810e-01
5.207591018561571680e-03
3.611041567955086129e-01
3.339579461847197450e-01
3.323541885132653695e-01
7.007762741343750990e-02
9.949388957950211498e-01
4.444586933124478056e-01
-1.238593769929729749e-01
-9.821148402054529214e-01
-5.367113686984168464e-01
7.113866968218820475e-01
9.842157977622434384e-01
5.098523213127511555e-01
-1.115023843090929279e-01
9.853988691076902562e-01
1.813573494124423036e-01
3.558824238471491874e-01
5.149077689487358001e-01
2.948622082149818802e-01
-1.266188624317543254e-01
-1.183813382233186440e-01
3.526327299197070664e-01
-4.792240347259802968e-01
-1.000000000000000000e+00
-1.090950391605169378e-01
-4.984963978502667259e-01
-7.101117615997186439e-02
-2.840206955781198750e-01
-4.360788482915689546e-02
-1.460024905156539488e-01
1.509950248741376844e-01
1.000000000000000000e+00
4.223353446393209865e-01
1.890832964992708032e-01
-4.348094773940426316e-01
5.363836621429209084e-02
6.518789354894557464e-01
-9.420709047540825054e-01
4.453183057557675850e-01
2.133060157620726982e-01
-1.764088408851501311e-01
-3.627341693264253264e-01
2.710645891219606307e-01
-6.302407409672889926e-01
7.247211851744952971e-02
9.218180683356130833e-02
1.422096141530442837e-01
2.281534270943345044e-01
5.218682560101824963e-01
-9.945590671440862618e-02
3.523570478388126648e-01
-1.541302720367418444e-01
1.709609662407886310e-02
4.204847595877263533e-01
-4.561376610727256864e-01
2.990604175799138620e-01
7.626056830034430023e-01
-8.781753234493118176e-01
4.555362429402898261e-02
4.475093297245805180e-02
1.340727688743013069e-01
-1.000000000000000000e+00
2.479483775063802686e-01
-3.989487431660964645e-01
-2.961146873439171046e-01
-2.679788248017034302e-01
-5.164331507445649727e-01
-1.382785578427230821e-01
-9.888859240170539966e-01
-2.251749439416699528e-01
9.785075405161198780e-01
-2.245471893626876381e-01
-1.633554321552754818e-01
-1.000000000000000000e+00
2.346173897681649301e-01
5.662537130700494997e-02
5.287337174971033782e-02
7.159787949921196937e-01
-1.327498947480721878e-02
2.051101293002314807e-01
1.866931572710696097e-01
4.282672584610512367e-01
-6.522658318127758648e-01
6.383648423802273930e-01
1.273585179658618394e-01
-2.211230319810701395e-01
-8.542528391080715655e-02
-5.326931084664037197e-01
-6.131524748432510830e-01
-6.865008998557405873e-01
2.070210664040191273e-01
-5.183473242605771691e-01
4.779589761334146480e-01
-9.831287989693466844e-01
-1.335048588485465149e-01
-4.415036910342754473e-01
-3.942387416027841041e-01
1.000000000000000000e+00
-6.702497157688577234e-01
9.763892210160665108e-01
5.410923502621971526e-01
9.851628609653755031e-02
1.600303490613662616e-01
4.322530403221493955e-01
6.953473099474443142e-01
-2.244508671788266185e-01
-3.585086325874533575e-01
