-6.494161547157110970e-02
-2.758538353753231531e-01
-3.722238284416969356e-01
5.797534915061666738e-02
-2.760810618624322532e-01
2.359051673443975650e-01
3.012500154030283150e-01
-1.227984153929115863e-01
2.548734565038568434e-03
2.957314250473673245e-01
-1.483661798247978281e-01
-1.794605243780862947e-01
5.185100102264528221e-02
4.321732733291551720e-01
1.843848219921555981e-02
3.961786561115383520e-01
1.390797660150757398e-01
-5.881456775991023012e-01
-4.326908724995001676e-01
7.671668949876797594e-01
3.407055847719229758e-01
1.994496995439109521e-01
1.000000000000000000e+00
-1.152099027158192124e-01
-2.854725645858080529e-01
-1.284099033348985175e-01
-1.260758808676762099e-01
7.107213560079914116e-02
1.502222543398096244e-01
-3.012409278825677883e-01
-1.068824630598377429e-01
2.669213146787425828e-01
-1.161857375294388095e-01
-2.581042201856514895e-01
1.106529737552995468e-01
-2.812840333889216060e-01
-4.235577338480256415e-01
-3.733014240131039552e-01
-3.924438980568722979e-01
6.815848412170602000e-01
-7.029050383343743436e-01
-1.301504909924893205e-01
-8.576032308813918981e-02
-2.536279896617753271e-02
7.038197726973988155e-02
3.663926117828698592e-01
-7.225662094817935088e-01
-2.633130090623507225e-01
-5.642822501546882474e-01
-3.914079645805058627e-01
4.484769389486792379e-01
-1.300291805452229443e-01
-9.415022870177174041e-02
-1.715901151679573300e-01
-3.873169789837410670e-01
-8.117090412811394096e-01
9.073222453930122888e-02
-1.708343660960249533e-01
-3.437996563365099956e-01
-5.283692530208139448e-01
2.422780837575799484e-01
-8.384085605509352668e-01
-1.640759356018967607e-01
-3.861721175275930618e-01
5.156733360113882614e-02
5.550020011892420335e-01
1.994156291748886561e-02
3.374617399760385661e-01
1.660465634474594387e-01
4.785543061128970654e-01
-2.480146022179838261e-01
2.956964122829239261e-01
7.486201356262582596e-02
9.263183100849348151e-02
-3.489120876233197110e-01
5.819794906176603000e-01
3.858660094729248202e-01
-5.230556432941224632e-01
1.206954224387359748e-02
8.918317191500529928e-02
-2.727174373954707187e-01
2.950630913522173104e-01
-1.000000000000000000e+00
-2.279294434934443780e-02
-1.411978261280222996e-02
3.994798775728064522e-01
3.418008556961374400e-01
1.000000000000000000e+00
-2.522515524543522680e-01
-1.000000000000000000e+00
-1.908745927260971920e-01
-2.713883119168770675e-01
3.695123334036641560e-02
2.185331411132053758e-01
-1.673926746422857437e-01
3.385544492560628727e-01
-4.618797130766570946e-01
3.658469714216961988e-01
-1.323154446285640107e-01
-7.305659168076636401e-02
7.661015625267843243e-02
-4.626547963680765485e-01
1.611420650485995698e-01
6.609573034940847691e-01
1.913680821314617253e-02
2.789776583813917132e-01
-8.708096985786908939e-03
-6.360739376732850170e-01
-7.747247093246565353e-01
-1.893371190294348416e-01
1.041480558715690841e-01
-1.193818893061153186e-01
-7.966476529755150970e-01
8.333940824405722259e-03
3.079745371431778789e-02
-5.303217897247571866e-01
2.350090258821801170e-01
2.149796299113390929e-01
-9.611783387811077828e-02
9.464825579687228402e-03
-6.155268301527332397e-01
1.234199763824663371e-01
-1.700115977227862341e-01
1.786511576568466930e-01
1.590260571134609890e-01
-5.817635539117288479e-01
-6.415607756461985112e-01
-6.203319456311628954e-01
2.026571919114175113e-01
-2.800645126390178749e-02
-2.669760269970460342e-01
1.077850060364121398e-01
-7.900434152906135599e-02
1.534364066750366386e-02
2.442714010347740439e-01
3.266381446854179638e-01
2.600744689188618786e-01
1.603343004440696828e-01
-2.039644741908623604e-01
1.153989020057372000e-01
-5.311623421414309876e-01
2.049865999587371368e-01
-2.664930917276956412e-01
5.191689104414498601e-01
-7.490876858235213931e-02
1.261307629673236730e-01
5.521427464344859093e-01
1.878074784978557565e-01
3.833182394564612627e-01
5.293783217952362230e-02
3.136963518395666922e-02
5.642689123692569420e-02
-1.507735977239909320e-01
-1.827007705187200237e-01
3.145534268574168291e-01
-1.911683092197865863e-01
5.454743475481851900e-02
-6.732057551111991778e-02
7.034856796800051382e-02
-2.018372471771356369e-01
3.160851638869747737e-01
9.461002836526117843e-01
1.260370372945877060e-01
2.175059189140939597e-01
-5.663556558498250570e-01
-1.173017494855432830e-02
-1.267912310848203217e-01
5.155370466974974475e-01
-4.512464773689224273e-01
7.537056282779971972e-02
-6.588621789566920239e-02
-6.136699106923060310e-02
1.769694746478798208e-01
4.339753224739851811e-01
3.695074172398866708e-01
1.169434843307307070e-01
3.035585194113442631e-01
4.346928682014485901e-01
5.831432923526016499e-01
1.787479057221764700e-01
-5.731063452012747916e-01
1.182250582581331755e-01
1.554621093005076893e-01
4.247399255899888537e-01
-7.398920160878985630e-02
5.170405009649003958e-01
-3.003395258792519451e-01
-1.000000000000000000e+00
2.870296279742899914e-01
-2.479678709500524048e-02
1.918435068024179346e-01
2.701657869911756049e-01
5.714804402556150631e-01
-1.882561714643717354e-01
-2.041255112079405076e-01
-5.721037341964810286e-02
1.000000000000000000e+00
3.178918487944102367e-01
1.809646334893100228e-01
2.451312978067654580e-02
2.502240659216843355e-01
2.580631479951097651e-01
-2.323980700095830687e-01
3.303626339024030856e-02
-3.139732996702114531e-02
-1.789139432217523307e-01
6.641682145509456014e-02
1.266186140053112974e-01
-1.083905599067699066e-01
1.152012650732247706e-01
-4.532070110588780065e-01
-4.068727542075754045e-01
1.494390568397326868e-01
1.563799005443262391e-01
-1.618071503678880918e-01
9.204221823449525164e-02
-5.266184404409509634e-01
-8.365716909235778598e-01
3.816362126535818855e-01
3.977051162662634809e-01
-2.604583054192217140e-01
-2.626635504241686125e-01
4.089383812233171600e-01
-2.841853620829634663e-01
-5.478400489263245826e-02
2.212409545741931827e-01
-5.188348702570184656e-01
3.375797351824721959e-02
5.262100862282264035e-01
-6.371514619397404822e-01
5.252369244669905513e-01
2.669663617380725884e-01
4.020647430618294882e-01
2.478423430476024980e-01
1.872461008161983576e-01
-2.721065644711909703e-01
-3.285949196602861444e-01
-2.263744993753612211e-01
4.519571974888533239e-01
-3.796231044458153736e-01
-2.566570322829885287e-01
-4.218904672738456041e-01
1.775748265288677463e-01
6.082248459041681432e-01
-5.342287843854057749e-01
3.964455822047887601e-01
-9.744772518054794228e-04
3.568249380112324953e-01
1.000000000000000000e+00
-3.810873317581007225e-01
-1.057097470388452809e-01
-5.111489829370289423e-02
-1.000000000000000000e+00
-5.477620526590147865e-01
2.880927038530393669e-01
-2.300456263547671631e-01
5.422413184470346037e-01
1.471099879840035429e-01
1.636666363001965385e-01
-2.717653083313213980e-01
-5.297013639021138642e-01
-5.295731387148901875e-02
-1.000000000000000000e+00
3.680988470959772330e-01
2.540685970171217556e-01
