-3.028053809606509605e-01
2.656644738125918392e-02
1.539869282815562734e-01
-4.429968524099416327e-01
1.810336461414674136e-01
3.856548568282977540e-01
4.241664793962698354e-01
-7.984579750304147128e-01
4.053016867127323120e-01
7.393051847343493632e-01
-1.050934473349365295e-01
2.613313023150353187e-01
-1.000000000000000000e+00
6.194003070284662682e-01
1.224792558905065387e-01
3.397760562921633420e-01
3.518744440907457527e-01
-6.550307192041741056e-01
-2.135523197901484926e-01
1.537068434918850424e-01
2.691747524352638976e-05
5.079607826794847458e-01
1.972502852928230133e-01
1.628275836714762337e-01
-4.514028399631696553e-01
-4.863354081937290574e-01
7.866169760715704395e-01
-7.964636570595560183e-01
-1.173535887892373647e-01
5.670904672221063203e-01
6.391958923794855973e-01
1.392439306295737977e-01
-1.000000000000000000e+00
-4.105017691174661087e-01
-4.829122182270970676e-01
-7.134022719728435602e-01
3.313235378592985225e-01
-1.434521350694922814e-02
-2.898306891431653987e-01
5.974999123689164193e-01
-4.914311062129662622e-01
-3.443373415095187240e-01
7.380137045045436217e-01
-4.226453647755345489e-01
-1.000000000000000000e+00
-4.649336875194380880e-01
-9.734062734024295782e-02
-1.932877721802009618e-01
1.310652249140402681e-01
-4.626879970868715830e-01
3.342148561316610755e-01
-3.037901038218839833e-01
-5.167114966139021437e-01
-1.099553808293152746e-01
3.150660143672759927e-01
3.780500654251066628e-01
3.759091338716438746e-01
1.015513763146768111e-01
-7.708903413395462589e-01
3.725277140466324299e-01
1.895254118689562728e-01
-2.799085158377859206e-01
8.591595816570873900e-01
1.576741286431420086e-01
-6.792024177424142994e-01
4.649611747473126333e-01
-3.946986165103435473e-01
-3.659764478860826342e-01
-1.892586200142196140e-01
-5.217885394801113907e-01
-2.346222693454342312e-01
4.292632126971029916e-01
-1.969199496545668837e-01
-7.475097134510865216e-01
-2.973978549230030799e-01
-5.630214778249336138e-01
-3.080289451022128477e-01
1.377455185181446495e-01
4.730192906777690443e-01
4.825422380510500653e-01
7.701938781018053959e-01
1.000000000000000000e+00
-1.078372824780384209e-01
-4.117509064520790130e-01
-4.061810062136380073e-01
6.214974927341324618e-01
3.680996064609259322e-01
-3.094532077782684021e-01
-1.404216214914867089e-01
-3.993481141337357210e-02
4.498450281603189604e-01
2.759846831351814300e-01
-5.638989564682410638e-01
2.077878627103927900e-01
6.305768776207654192e-01
6.570470468108987605e-01
-1.507219336755268313e-01
7.157120404526513546e-01
4.722124505414940221e-01
8.685493463643685630e-02
3.714801914301247843e-01
-5.670333271601658565e-01
2.909744768771916901e-01
-4.105048716008662391e-01
-4.844261084636899417e-01
-6.913871347328484074e-01
-2.481935600525493335e-01
7.131221718795374143e-01
3.271373795604607948e-01
1.772572888110326428e-01
-3.179922838082270553e-02
5.852293300605913018e-01
-2.503826197975471679e-01
-4.220121236435155909e-01
-1.109404100322594899e-01
-1.069320713600291628e-01
4.406737021298270940e-01
-5.165629424150586235e-01
-1.140208615386126279e-02
-3.508495547897347300e-02
2.707923918536346286e-01
3.752649491256436765e-01
-2.093105253636050600e-01
2.945249834052249271e-01
2.409661257905559850e-01
-2.676460579174166909e-01
1.000000000000000000e+00
9.634393416006001298e-02
-3.694671551773232032e-01
-6.113582433277622297e-01
6.302824246645559458e-02
9.210548634742943275e-02
4.163843979668309103e-01
1.741869868524194287e-01
-3.241297412897208852e-01
2.694093932035289685e-01
-1.699187987137372180e-01
3.503786894945497554e-01
-3.066566340551350051e-02
-3.185306160974281653e-01
2.169104503413815666e-02
2.905038484016125300e-01
-1.968954231433677760e-01
2.645459057621163956e-01
-6.184030921726485497e-01
-2.095454205192820996e-01
5.116104148032231125e-01
8.221900001118633006e-02
-1.900578264771279613e-01
-1.688975049394786099e-01
-5.611235248797052932e-01
8.213884909608765161e-01
1.529054241934580671e-01
-6.851299534030738103e-01
-1.411523209928183809e-02
-5.141744876283104171e-01
-4.031048272928166587e-01
-1.202256522400905192e-01
5.260851189340211009e-01
5.742707947497065479e-01
-2.435002270068169217e-01
2.653996858977856199e-01
2.807686282250024812e-01
-6.803239103877419813e-01
-6.932448398093693509e-01
4.744625678090071963e-01
1.000000000000000000e+00
5.185670199322891527e-01
3.913655464233323777e-01
2.462791554314917586e-01
2.560440374050848567e-02
-5.594750408474550296e-01
-5.434931861559445104e-02
-6.324726673457126136e-01
-4.800883284165347042e-01
9.952341012533609532e-02
6.297904897237167621e-01
3.201025552153620168e-01
-2.625030127606742814e-01
3.220174660793935217e-01
7.006332232452971986e-01
2.010035800738135259e-01
8.748744286618911903e-02
3.446219317743782207e-01
4.252968734445811139e-01
1.983836417588655809e-01
1.064102440181287634e-01
3.621292449448468842e-01
6.393052801728539292e-01
2.732489673193122526e-01
1.432473403427112768e-01
5.080547515102283862e-01
-7.211273182302772033e-01
-2.266086364595491509e-01
3.884397179488433549e-01
3.311278655496683321e-01
-6.583844586116934794e-01
-9.401130927725774855e-01
-5.071473509536967850e-01
-4.850806680035452123e-01
-4.191887524155502587e-01
2.639261847138580364e-01
1.949157361097571539e-01
-4.550329082968644911e-01
-1.149895055582810938e-01
-2.605347451793917080e-02
-1.626749532239434026e-01
-5.436454195236750664e-01
1.593990061804964053e-01
-7.952336296242854541e-01
-6.112405367048334703e-01
6.255220726767500850e-01
-6.188521132452800000e-01
-5.599036572323576877e-01
-5.662753467418721876e-01
-3.569951435033833498e-01
-7.652207771207214515e-02
-5.004449000341854026e-01
-1.738362067536753375e-01
-1.091629041750133977e-01
1.136576917398425535e-01
-5.261204660711616965e-01
-1.266026326786494904e-01
1.876218249197057208e-01
2.688563031041774076e-01
-2.667136131038694291e-01
-4.008186071281857887e-02
-5.083714590294706737e-01
1.122329716235001551e-01
-6.271684299298208032e-02
-5.827394468669889749e-01
1.476059206243733879e-01
-7.591925120761831014e-01
-1.200428942578445901e-01
5.630758481394342319e-01
4.301314775494395892e-01
3.162614549631912603e-02
2.695523072107537388e-01
2.136079285659450155e-01
2.598627548565144441e-01
-1.276436804963241300e-01
-7.205399653083208733e-01
1.000000000000000000e+00
5.194028546781981337e-01
-6.070383186815808685e-01
7.527367961955253595e-01
-7.276262258729307431e-03
2.660710891002692202e-01
7.585831483697699218e-01
1.382921763010135918e-01
5.458797570997868664e-01
4.806595844304213383e-01
2.882798142321867374e-01
3.348833106868579490e-01
3.429451464220392154e-01
-5.211596111722232028e-01
-4.448664044873025247e-01
4.861243105078184579e-01
5.458635092968718849e-01
2.066251317607982196e-01
-4.005962168643593668e-01
-6.214553729197472842e-01
3.509446644853580488e-01
3.193008061227048944e-01
-5.221373394067438944e-01
